[
  [
    0.5,
    81,
    72,
    0.25,
    2,
    10,
    5,
    18
  ],
  [
    0.75,
    83,
    73,
    0.25,
    2,
    12,
    7,
    20
  ],
  [
    1,
    83,
    73,
    0.25,
    2,
    12,
    7,
    20
  ],
  [
    1,
    86,
    75,
    0.25,
    1,
    10,
    10,
    18
  ],
  [
    1.5,
    83,
    73,
    0.25,
    2,
    12,
    7,
    20
  ],
  [
    1.5,
    86,
    75,
    0.25,
    1,
    10,
    10,
    18
  ],
  [
    2,
    83,
    73,
    0.25,
    2,
    12,
    7,
    20
  ],
  [
    2,
    86,
    75,
    0.25,
    1,
    10,
    10,
    18
  ],
  [
    2.5,
    83,
    73,
    0.25,
    2,
    12,
    7,
    20
  ],
  [
    2.5,
    86,
    75,
    0.25,
    1,
    10,
    10,
    18
  ],
  [
    3,
    83,
    73,
    0.25,
    2,
    12,
    7,
    20
  ],
  [
    3,
    86,
    75,
    0.25,
    1,
    10,
    10,
    18
  ],
  [
    3.5,
    83,
    73,
    0.25,
    2,
    12,
    7,
    20
  ],
  [
    3.5,
    86,
    75,
    0.25,
    1,
    10,
    10,
    18
  ],
  [
    4,
    81,
    72,
    0.75,
    2,
    10,
    5,
    18
  ],
  [
    4.75,
    79,
    71,
    0.25,
    2,
    8,
    3,
    16
  ],
  [
    5,
    81,
    72,
    0.5,
    2,
    10,
    5,
    18
  ],
  [
    5.5,
    79,
    71,
    0.5,
    2,
    8,
    3,
    16
  ],
  [
    6.5,
    81,
    72,
    0.5,
    2,
    10,
    5,
    18
  ],
  [
    8,
    81,
    72,
    0.5,
    2,
    10,
    5,
    18
  ],
  [
    8.5,
    79,
    71,
    0.5,
    2,
    8,
    3,
    16
  ],
  [
    9,
    76,
    69,
    0.5,
    3,
    9,
    0,
    17
  ],
  [
    9.5,
    71,
    66,
    0.5,
    4,
    9,
    7,
    17
  ],
  [
    10,
    76,
    69,
    0.75,
    3,
    9,
    0,
    17
  ],
  [
    10.75,
    74,
    68,
    0.25,
    3,
    7,
    10,
    15
  ],
  [
    11,
    71,
    66,
    0.16667,
    4,
    9,
    7,
    17
  ],
  [
    11.16667,
    69,
    65,
    0.16667,
    4,
    7,
    5,
    15
  ],
  [
    11.33333,
    67,
    64,
    0.16667,
    4,
    5,
    3,
    13
  ],
  [
    11.5,
    64,
    62,
    0.5,
    5,
    7,
    0,
    15
  ],
  [
    12.5,
    64,
    62,
    0.25,
    5,
    7,
    0,
    15
  ],
  [
    12.75,
    67,
    64,
    0.25,
    4,
    5,
    3,
    13
  ],
  [
    13,
    71,
    66,
    0.5,
    4,
    9,
    7,
    17
  ],
  [
    13.5,
    74,
    68,
    0.5,
    3,
    7,
    10,
    15
  ],
  [
    14,
    74,
    68,
    0.25,
    3,
    7,
    10,
    15
  ],
  [
    14.25,
    76,
    69,
    0.25,
    3,
    9,
    0,
    17
  ],
  [
    14.5,
    79,
    71,
    0.25,
    2,
    8,
    3,
    16
  ],
  [
    14.75,
    76,
    69,
    0.25,
    3,
    9,
    0,
    17
  ],
  [
    15,
    81,
    72,
    0.25,
    2,
    10,
    5,
    18
  ],
  [
    15.5,
    79,
    71,
    0.5,
    2,
    8,
    3,
    16
  ],
  [
    16,
    76,
    69,
    1,
    3,
    9,
    0,
    17
  ],
  [
    17.5,
    83,
    73,
    0.25,
    2,
    12,
    7,
    20
  ],
  [
    17.75,
    86,
    75,
    0.25,
    1,
    10,
    10,
    18
  ],
  [
    18.125,
    88,
    76,
    0.375,
    1,
    12,
    0,
    20
  ],
  [
    18.5,
    88,
    76,
    0.25,
    1,
    12,
    0,
    20
  ],
  [
    19,
    88,
    76,
    0.25,
    1,
    12,
    0,
    20
  ],
  [
    19.25,
    86,
    75,
    0.25,
    1,
    10,
    10,
    18
  ],
  [
    19.5,
    83,
    73,
    0.25,
    2,
    12,
    7,
    20
  ],
  [
    19.75,
    82,
    72,
    0.25,
    2,
    11,
    6,
    19
  ],
  [
    20,
    81,
    72,
    0.25,
    2,
    10,
    5,
    18
  ],
  [
    20.25,
    79,
    71,
    0.25,
    2,
    8,
    3,
    16
  ],
  [
    20.5,
    76,
    69,
    0.25,
    3,
    9,
    0,
    17
  ],
  [
    20.75,
    81,
    72,
    0.25,
    2,
    10,
    5,
    18
  ],
  [
    21.33333,
    79,
    71,
    0.16667,
    2,
    8,
    3,
    16
  ],
  [
    22,
    76,
    69,
    0.25,
    3,
    9,
    0,
    17
  ],
  [
    22.25,
    76,
    69,
    0.5,
    3,
    9,
    0,
    17
  ],
  [
    24.5,
    83,
    73,
    0.5,
    2,
    12,
    7,
    20
  ],
  [
    25,
    91,
    78,
    0.5,
    1,
    15,
    3,
    23
  ],
  [
    26,
    88,
    76,
    0.5,
    1,
    12,
    0,
    20
  ],
  [
    26.5,
    85,
    74,
    0.5,
    2,
    14,
    9,
    22
  ],
  [
    27,
    88,
    76,
    0.5,
    1,
    12,
    0,
    20
  ],
  [
    27.5,
    84,
    74,
    0.5,
    2,
    13,
    8,
    21
  ],
  [
    27.5,
    87,
    75,
    0.5,
    1,
    11,
    11,
    19
  ],
  [
    30.5,
    71,
    66,
    0.25,
    4,
    9,
    7,
    17
  ],
  [
    30.75,
    73,
    67,
    0.25,
    4,
    11,
    9,
    19
  ],
  [
    31,
    76,
    69,
    0.5,
    3,
    9,
    0,
    17
  ],
  [
    31.5,
    76,
    69,
    0.5,
    3,
    9,
    0,
    17
  ],
  [
    34.5,
    76,
    69,
    0.5,
    3,
    9,
    0,
    17
  ],
  [
    35,
    76,
    69,
    0.5,
    3,
    9,
    0,
    17
  ],
  [
    35.5,
    76,
    69,
    0.5,
    3,
    9,
    0,
    17
  ],
  [
    37.5,
    80,
    71,
    0.5,
    3,
    13,
    4,
    21
  ],
  [
    38,
    83,
    73,
    1,
    2,
    12,
    7,
    20
  ],
  [
    39,
    78,
    70,
    0.5,
    3,
    11,
    2,
    19
  ],
  [
    39.5,
    76,
    69,
    0.25,
    3,
    9,
    0,
    17
  ],
  [
    39.75,
    76,
    69,
    0.25,
    3,
    9,
    0,
    17
  ],
  [
    41.5,
    71,
    66,
    0.25,
    4,
    9,
    7,
    17
  ],
  [
    41.75,
    73,
    67,
    0.25,
    4,
    11,
    9,
    19
  ],
  [
    42,
    76,
    69,
    0.5,
    3,
    9,
    0,
    17
  ],
  [
    42.5,
    76,
    69,
    0.25,
    3,
    9,
    0,
    17
  ],
  [
    42.75,
    78,
    70,
    0.25,
    3,
    11,
    2,
    19
  ],
  [
    43,
    76,
    69,
    0.25,
    3,
    9,
    0,
    17
  ],
  [
    43.25,
    76,
    69,
    0.25,
    3,
    9,
    0,
    17
  ],
  [
    43.5,
    76,
    69,
    0.5,
    3,
    9,
    0,
    17
  ],
  [
    45.5,
    78,
    70,
    0.25,
    3,
    11,
    2,
    19
  ],
  [
    45.75,
    80,
    71,
    0.25,
    3,
    13,
    4,
    21
  ],
  [
    46,
    83,
    73,
    1,
    2,
    12,
    7,
    20
  ],
  [
    47,
    83,
    73,
    0.25,
    2,
    12,
    7,
    20
  ],
  [
    47,
    88,
    76,
    0.25,
    1,
    12,
    0,
    20
  ],
  [
    47.25,
    85,
    74,
    0.25,
    2,
    14,
    9,
    22
  ],
  [
    47.5,
    83,
    73,
    0.5,
    2,
    12,
    7,
    20
  ],
  [
    47.5,
    88,
    76,
    0.5,
    1,
    12,
    0,
    20
  ],
  [
    51.5,
    59,
    59,
    0.5,
    5,
    2,
    7,
    10
  ],
  [
    52,
    62,
    61,
    0.5,
    4,
    0,
    10,
    8
  ],
  [
    52.5,
    69,
    65,
    0.5,
    3,
    2,
    5,
    10
  ],
  [
    53,
    71,
    66,
    0.5,
    2,
    0,
    7,
    8
  ],
  [
    53.5,
    69,
    65,
    0.5,
    3,
    2,
    5,
    10
  ],
  [
    54,
    71,
    66,
    2,
    3,
    4,
    7,
    12
  ],
  [
    56.5,
    71,
    66,
    0.5,
    3,
    4,
    7,
    12
  ],
  [
    59,
    71,
    66,
    0.5,
    3,
    4,
    7,
    12
  ],
  [
    59.5,
    69,
    65,
    0.5,
    3,
    2,
    5,
    10
  ],
  [
    61,
    74,
    68,
    0.5,
    2,
    3,
    10,
    11
  ],
  [
    61.5,
    71,
    66,
    0.5,
    3,
    4,
    7,
    12
  ],
  [
    66.5,
    71,
    66,
    1,
    3,
    4,
    7,
    12
  ],
  [
    67.5,
    71,
    66,
    0.16667,
    3,
    4,
    7,
    12
  ],
  [
    67.66667,
    69,
    65,
    0.16667,
    3,
    2,
    5,
    10
  ],
  [
    67.83333,
    67,
    64,
    0.16667,
    3,
    0,
    3,
    8
  ],
  [
    68,
    69,
    65,
    1.5,
    3,
    2,
    5,
    10
  ],
  [
    69.5,
    67,
    64,
    0.25,
    3,
    0,
    3,
    8
  ],
  [
    69.75,
    64,
    62,
    0.25,
    4,
    2,
    0,
    10
  ],
  [
    70,
    64,
    62,
    0.5,
    4,
    2,
    0,
    10
  ],
  [
    70.5,
    62,
    61,
    0.25,
    4,
    0,
    10,
    8
  ],
  [
    70.75,
    59,
    59,
    0.25,
    5,
    2,
    7,
    10
  ],
  [
    71,
    57,
    58,
    0.16667,
    5,
    0,
    5,
    8
  ],
  [
    71.16667,
    58,
    58,
    0.16667,
    5,
    1,
    6,
    9
  ],
  [
    71.33333,
    57,
    58,
    0.16667,
    5,
    0,
    5,
    8
  ],
  [
    71.5,
    55,
    57,
    0.25,
    6,
    3,
    3,
    11
  ],
  [
    71.75,
    52,
    55,
    0.25,
    6,
    0,
    0,
    8
  ],
  [
    72,
    64,
    62,
    0.25,
    4,
    2,
    0,
    10
  ],
  [
    72.25,
    62,
    61,
    0.25,
    4,
    0,
    10,
    8
  ],
  [
    72.5,
    59,
    59,
    0.25,
    5,
    2,
    7,
    10
  ],
  [
    72.75,
    58,
    58,
    0.25,
    5,
    1,
    6,
    9
  ],
  [
    73,
    57,
    58,
    0.25,
    5,
    0,
    5,
    8
  ],
  [
    73.25,
    56,
    57,
    0.5,
    6,
    4,
    4,
    12
  ],
  [
    73.75,
    52,
    55,
    0.25,
    6,
    0,
    0,
    8
  ],
  [
    74,
    64,
    62,
    4,
    4,
    2,
    0,
    10
  ],
  [
    79,
    80,
    71,
    0.5,
    3,
    13,
    4,
    21
  ],
  [
    79.5,
    90,
    77,
    0.5,
    1,
    14,
    2,
    22
  ],
  [
    80.25,
    88,
    76,
    0.25,
    1,
    12,
    0,
    20
  ],
  [
    81,
    85,
    74,
    0.25,
    2,
    14,
    9,
    22
  ],
  [
    81.25,
    83,
    73,
    0.25,
    2,
    12,
    7,
    20
  ],
  [
    81.5,
    85,
    74,
    0.5,
    2,
    14,
    9,
    22
  ]
]