[
  [
    0.5,
    71,
    66,
    0.5,
    4,
    9,
    2,
    12
  ],
  [
    1,
    74,
    68,
    0.5,
    3,
    7,
    5,
    10
  ],
  [
    1.5,
    76,
    69,
    0.5,
    3,
    9,
    7,
    12
  ],
  [
    3.5,
    79,
    71,
    0.5,
    3,
    12,
    10,
    15
  ],
  [
    5,
    76,
    69,
    0.25,
    3,
    9,
    7,
    12
  ],
  [
    5.25,
    74,
    68,
    0.25,
    3,
    7,
    5,
    10
  ],
  [
    5.5,
    76,
    69,
    0.5,
    3,
    9,
    7,
    12
  ],
  [
    6,
    74,
    68,
    0.25,
    3,
    7,
    5,
    10
  ],
  [
    6.25,
    76,
    69,
    0.75,
    3,
    9,
    7,
    12
  ],
  [
    7,
    76,
    69,
    0.5,
    3,
    9,
    7,
    12
  ],
  [
    7.5,
    74,
    68,
    0.5,
    3,
    7,
    5,
    10
  ],
  [
    8,
    76,
    69,
    0.5,
    3,
    9,
    7,
    12
  ],
  [
    8.5,
    76,
    69,
    0.5,
    3,
    9,
    7,
    12
  ],
  [
    9,
    79,
    71,
    0.5,
    2,
    8,
    10,
    11
  ],
  [
    9.5,
    79,
    71,
    0.5,
    2,
    8,
    10,
    11
  ],
  [
    10.5,
    76,
    69,
    1.5,
    3,
    9,
    7,
    12
  ],
  [
    15,
    81,
    72,
    1,
    3,
    14,
    0,
    17
  ],
  [
    15,
    83,
    73,
    1,
    2,
    12,
    2,
    15
  ],
  [
    16,
    81,
    72,
    1,
    3,
    14,
    0,
    17
  ],
  [
    16,
    83,
    73,
    1,
    2,
    12,
    2,
    15
  ],
  [
    17,
    81,
    72,
    2,
    3,
    14,
    0,
    17
  ],
  [
    17,
    83,
    73,
    2,
    2,
    12,
    2,
    15
  ],
  [
    19.5,
    81,
    72,
    0.5,
    3,
    14,
    0,
    17
  ],
  [
    19.5,
    83,
    73,
    0.5,
    2,
    12,
    2,
    15
  ],
  [
    21,
    81,
    72,
    1,
    3,
    14,
    0,
    17
  ],
  [
    21,
    83,
    73,
    1,
    2,
    12,
    2,
    15
  ],
  [
    22,
    81,
    72,
    1,
    3,
    14,
    0,
    17
  ],
  [
    22,
    83,
    73,
    1,
    2,
    12,
    2,
    15
  ],
  [
    23,
    81,
    72,
    0.75,
    3,
    14,
    0,
    17
  ],
  [
    23,
    83,
    73,
    0.75,
    2,
    12,
    2,
    15
  ],
  [
    23.75,
    83,
    73,
    0.25,
    2,
    12,
    2,
    15
  ],
  [
    24,
    81,
    72,
    0.5,
    3,
    14,
    0,
    17
  ],
  [
    24.5,
    79,
    71,
    0.5,
    3,
    12,
    10,
    15
  ],
  [
    25,
    76,
    69,
    0.5,
    4,
    14,
    7,
    17
  ],
  [
    25.5,
    76,
    69,
    0.5,
    4,
    14,
    7,
    17
  ],
  [
    26,
    74,
    68,
    0.25,
    4,
    12,
    5,
    15
  ],
  [
    26.25,
    76,
    69,
    0.75,
    4,
    14,
    7,
    17
  ],
  [
    27,
    76,
    69,
    0.5,
    4,
    14,
    7,
    17
  ],
  [
    27.5,
    74,
    68,
    0.5,
    4,
    12,
    5,
    15
  ],
  [
    29,
    81,
    72,
    0.25,
    3,
    14,
    0,
    17
  ],
  [
    29.25,
    81,
    72,
    0.5,
    3,
    14,
    0,
    17
  ],
  [
    29.75,
    88,
    76,
    0.25,
    1,
    12,
    7,
    15
  ],
  [
    30,
    86,
    75,
    0.25,
    2,
    15,
    5,
    18
  ],
  [
    30.25,
    83,
    73,
    0.25,
    2,
    12,
    2,
    15
  ],
  [
    30.5,
    81,
    72,
    0.25,
    3,
    14,
    0,
    17
  ],
  [
    30.75,
    81,
    72,
    0.25,
    3,
    14,
    0,
    17
  ],
  [
    31,
    79,
    71,
    0.5,
    3,
    12,
    10,
    15
  ],
  [
    31.5,
    81,
    72,
    0.5,
    3,
    14,
    0,
    17
  ],
  [
    32.5,
    79,
    71,
    0.5,
    3,
    12,
    10,
    15
  ],
  [
    33,
    76,
    69,
    0.5,
    4,
    14,
    7,
    17
  ],
  [
    33.5,
    76,
    69,
    0.5,
    4,
    14,
    7,
    17
  ],
  [
    34,
    74,
    68,
    1,
    4,
    12,
    5,
    15
  ],
  [
    35,
    76,
    69,
    0.25,
    4,
    14,
    7,
    17
  ],
  [
    36.75,
    81,
    72,
    0.25,
    3,
    14,
    0,
    17
  ],
  [
    37,
    83,
    73,
    0.25,
    2,
    12,
    2,
    15
  ],
  [
    37.25,
    88,
    76,
    0.25,
    1,
    12,
    7,
    15
  ],
  [
    37.5,
    86,
    75,
    0.25,
    2,
    15,
    5,
    18
  ],
  [
    37.5,
    88,
    76,
    0.25,
    1,
    12,
    7,
    15
  ],
  [
    37.75,
    83,
    73,
    0.25,
    2,
    12,
    2,
    15
  ],
  [
    38,
    81,
    72,
    0.25,
    3,
    14,
    0,
    17
  ],
  [
    38.25,
    81,
    72,
    0.25,
    3,
    14,
    0,
    17
  ],
  [
    38.5,
    79,
    71,
    0.25,
    3,
    12,
    10,
    15
  ],
  [
    38.75,
    76,
    69,
    0.25,
    4,
    14,
    7,
    17
  ],
  [
    39,
    81,
    72,
    0.5,
    3,
    14,
    0,
    17
  ],
  [
    39.5,
    83,
    73,
    0.5,
    2,
    12,
    2,
    15
  ],
  [
    40,
    86,
    75,
    0.5,
    2,
    15,
    5,
    18
  ],
  [
    40.5,
    86,
    75,
    0.5,
    2,
    15,
    5,
    18
  ],
  [
    41,
    81,
    72,
    0.5,
    3,
    14,
    0,
    17
  ],
  [
    41,
    86,
    75,
    0.5,
    2,
    15,
    5,
    18
  ],
  [
    41.5,
    81,
    72,
    0.5,
    3,
    14,
    0,
    17
  ],
  [
    41.5,
    86,
    75,
    0.5,
    2,
    15,
    5,
    18
  ],
  [
    42,
    81,
    72,
    0.5,
    3,
    14,
    0,
    17
  ],
  [
    42,
    86,
    75,
    0.5,
    2,
    15,
    5,
    18
  ],
  [
    42.5,
    79,
    71,
    0.5,
    3,
    12,
    10,
    15
  ],
  [
    42.5,
    83,
    73,
    0.5,
    2,
    12,
    2,
    15
  ],
  [
    43,
    76,
    69,
    1,
    4,
    14,
    7,
    17
  ],
  [
    44.5,
    88,
    76,
    0.25,
    1,
    12,
    7,
    15
  ],
  [
    44.75,
    86,
    75,
    0.25,
    2,
    15,
    5,
    18
  ],
  [
    45.25,
    81,
    72,
    0.5,
    3,
    14,
    0,
    17
  ],
  [
    45.25,
    86,
    75,
    0.5,
    2,
    15,
    5,
    18
  ],
  [
    45.75,
    81,
    72,
    0.5,
    3,
    14,
    0,
    17
  ],
  [
    45.75,
    86,
    75,
    0.5,
    2,
    15,
    5,
    18
  ],
  [
    46.25,
    79,
    71,
    0.25,
    3,
    12,
    10,
    15
  ],
  [
    46.25,
    83,
    73,
    0.25,
    2,
    12,
    2,
    15
  ],
  [
    46.5,
    76,
    69,
    0.5,
    4,
    14,
    7,
    17
  ],
  [
    47,
    79,
    71,
    0.5,
    3,
    12,
    10,
    15
  ],
  [
    47,
    83,
    73,
    0.5,
    2,
    12,
    2,
    15
  ],
  [
    47.5,
    76,
    69,
    0.25,
    4,
    14,
    7,
    17
  ],
  [
    47.75,
    74,
    68,
    0.25,
    4,
    12,
    5,
    15
  ],
  [
    48,
    76,
    69,
    1,
    4,
    14,
    7,
    17
  ],
  [
    49,
    74,
    68,
    0.25,
    4,
    12,
    5,
    15
  ],
  [
    49,
    79,
    71,
    0.25,
    3,
    12,
    10,
    15
  ],
  [
    49.25,
    76,
    69,
    0.5,
    4,
    14,
    7,
    17
  ],
  [
    49.25,
    79,
    71,
    0.5,
    3,
    12,
    10,
    15
  ],
  [
    49.75,
    79,
    71,
    0.25,
    3,
    12,
    10,
    15
  ],
  [
    49.75,
    83,
    73,
    0.25,
    2,
    12,
    2,
    15
  ],
  [
    50.5,
    79,
    71,
    0.5,
    3,
    12,
    10,
    15
  ],
  [
    50.5,
    83,
    73,
    0.5,
    2,
    12,
    2,
    15
  ],
  [
    51,
    76,
    69,
    1,
    4,
    14,
    7,
    17
  ],
  [
    52,
    69,
    65,
    0.25,
    5,
    12,
    0,
    15
  ],
  [
    52.25,
    71,
    66,
    0.5,
    5,
    14,
    2,
    17
  ],
  [
    52.75,
    74,
    68,
    0.25,
    4,
    12,
    5,
    15
  ],
  [
    52.75,
    79,
    71,
    0.25,
    3,
    12,
    10,
    15
  ],
  [
    53.25,
    71,
    66,
    0.25,
    5,
    14,
    2,
    17
  ],
  [
    53.5,
    74,
    68,
    0.5,
    4,
    12,
    5,
    15
  ],
  [
    53.5,
    79,
    71,
    0.5,
    3,
    12,
    10,
    15
  ],
  [
    54,
    74,
    68,
    0.25,
    4,
    12,
    5,
    15
  ],
  [
    54,
    79,
    71,
    0.25,
    3,
    12,
    10,
    15
  ],
  [
    54.25,
    71,
    66,
    0.25,
    5,
    14,
    2,
    17
  ],
  [
    54.5,
    74,
    68,
    0.5,
    4,
    12,
    5,
    15
  ],
  [
    54.5,
    79,
    71,
    0.5,
    3,
    12,
    10,
    15
  ],
  [
    55,
    76,
    69,
    0.25,
    4,
    14,
    7,
    17
  ],
  [
    55,
    79,
    71,
    0.25,
    3,
    12,
    10,
    15
  ],
  [
    55.25,
    74,
    68,
    0.25,
    4,
    12,
    5,
    15
  ],
  [
    55.5,
    76,
    69,
    0.5,
    4,
    14,
    7,
    17
  ],
  [
    56,
    76,
    69,
    0.5,
    4,
    14,
    7,
    17
  ],
  [
    56.5,
    76,
    69,
    0.5,
    4,
    14,
    7,
    17
  ],
  [
    57,
    79,
    71,
    0.5,
    3,
    12,
    10,
    15
  ],
  [
    57,
    83,
    73,
    0.5,
    2,
    12,
    2,
    15
  ],
  [
    57.5,
    81,
    72,
    0.5,
    3,
    14,
    0,
    17
  ],
  [
    57.5,
    85,
    74,
    0.5,
    2,
    14,
    4,
    17
  ],
  [
    58,
    81,
    72,
    0.5,
    3,
    14,
    0,
    17
  ],
  [
    58,
    85,
    74,
    0.5,
    2,
    14,
    4,
    17
  ],
  [
    58.5,
    79,
    71,
    0.5,
    3,
    12,
    10,
    15
  ],
  [
    58.5,
    83,
    73,
    0.5,
    2,
    12,
    2,
    15
  ],
  [
    59,
    76,
    69,
    1,
    4,
    14,
    7,
    17
  ],
  [
    60.5,
    88,
    76,
    0.25,
    1,
    12,
    7,
    15
  ],
  [
    60.75,
    86,
    75,
    0.5,
    2,
    15,
    5,
    18
  ],
  [
    61.25,
    88,
    76,
    0.25,
    1,
    12,
    7,
    15
  ],
  [
    61.5,
    86,
    75,
    0.5,
    2,
    15,
    5,
    18
  ],
  [
    62,
    88,
    76,
    0.25,
    1,
    12,
    7,
    15
  ],
  [
    62.25,
    86,
    75,
    0.5,
    2,
    15,
    5,
    18
  ],
  [
    62.25,
    88,
    76,
    0.5,
    1,
    12,
    7,
    15
  ],
  [
    62.75,
    88,
    76,
    0.25,
    1,
    12,
    7,
    15
  ],
  [
    63,
    86,
    75,
    0.5,
    2,
    15,
    5,
    18
  ],
  [
    63,
    88,
    76,
    0.5,
    1,
    12,
    7,
    15
  ],
  [
    63.5,
    88,
    76,
    0.5,
    1,
    12,
    7,
    15
  ],
  [
    64,
    86,
    75,
    0.5,
    2,
    15,
    5,
    18
  ],
  [
    64,
    88,
    76,
    0.5,
    1,
    12,
    7,
    15
  ],
  [
    64.5,
    86,
    75,
    0.5,
    2,
    15,
    5,
    18
  ],
  [
    64.5,
    88,
    76,
    0.5,
    1,
    12,
    7,
    15
  ],
  [
    65,
    88,
    76,
    0.5,
    1,
    12,
    7,
    15
  ],
  [
    65.5,
    86,
    75,
    0.5,
    2,
    15,
    5,
    18
  ],
  [
    66,
    86,
    75,
    0.5,
    2,
    15,
    5,
    18
  ],
  [
    66.5,
    88,
    76,
    0.5,
    1,
    12,
    7,
    15
  ],
  [
    67.25,
    88,
    76,
    0.25,
    1,
    12,
    7,
    15
  ],
  [
    67.5,
    86,
    75,
    0.25,
    2,
    15,
    5,
    18
  ],
  [
    67.75,
    83,
    73,
    0.25,
    2,
    12,
    2,
    15
  ],
  [
    68,
    81,
    72,
    0.25,
    3,
    14,
    0,
    17
  ],
  [
    68.25,
    81,
    72,
    0.25,
    3,
    14,
    0,
    17
  ],
  [
    68.5,
    79,
    71,
    0.25,
    3,
    12,
    10,
    15
  ],
  [
    68.75,
    76,
    69,
    0.25,
    4,
    14,
    7,
    17
  ],
  [
    69,
    79,
    71,
    0.25,
    3,
    12,
    10,
    15
  ],
  [
    69.25,
    81,
    72,
    0.25,
    3,
    14,
    0,
    17
  ],
  [
    69.5,
    81,
    72,
    0.25,
    3,
    14,
    0,
    17
  ],
  [
    69.75,
    81,
    72,
    0.25,
    3,
    14,
    0,
    17
  ],
  [
    70.25,
    79,
    71,
    0.25,
    3,
    12,
    10,
    15
  ],
  [
    70.5,
    81,
    72,
    0.25,
    3,
    14,
    0,
    17
  ],
  [
    70.75,
    81,
    72,
    0.25,
    3,
    14,
    0,
    17
  ],
  [
    71.25,
    79,
    71,
    0.25,
    3,
    12,
    10,
    15
  ],
  [
    71.5,
    76,
    69,
    0.5,
    4,
    14,
    7,
    17
  ],
  [
    76,
    74,
    68,
    0.25,
    4,
    12,
    5,
    15
  ],
  [
    76.25,
    76,
    69,
    0.25,
    4,
    14,
    7,
    17
  ],
  [
    76.5,
    79,
    71,
    0.25,
    3,
    12,
    10,
    15
  ],
  [
    76.75,
    76,
    69,
    0.25,
    4,
    14,
    7,
    17
  ],
  [
    77,
    81,
    72,
    0.5,
    3,
    14,
    0,
    17
  ],
  [
    77.5,
    79,
    71,
    0.25,
    3,
    12,
    10,
    15
  ],
  [
    77.75,
    76,
    69,
    0.25,
    4,
    14,
    7,
    17
  ],
  [
    78,
    81,
    72,
    0.25,
    3,
    14,
    0,
    17
  ],
  [
    78.25,
    79,
    71,
    0.25,
    3,
    12,
    10,
    15
  ],
  [
    78.5,
    76,
    69,
    0.5,
    4,
    14,
    7,
    17
  ],
  [
    79,
    79,
    71,
    0.5,
    3,
    12,
    10,
    15
  ],
  [
    79.5,
    76,
    69,
    0.25,
    4,
    14,
    7,
    17
  ],
  [
    80.5,
    81,
    72,
    0.5,
    3,
    14,
    0,
    17
  ],
  [
    81,
    81,
    72,
    0.25,
    3,
    14,
    0,
    17
  ],
  [
    81.25,
    83,
    73,
    0.25,
    2,
    12,
    2,
    15
  ],
  [
    81.5,
    88,
    76,
    0.25,
    1,
    12,
    7,
    15
  ],
  [
    81.75,
    86,
    75,
    0.25,
    2,
    15,
    5,
    18
  ],
  [
    82,
    83,
    73,
    0.25,
    2,
    12,
    2,
    15
  ],
  [
    82.25,
    85,
    74,
    0.5,
    2,
    14,
    4,
    17
  ],
  [
    82.75,
    83,
    73,
    0.25,
    2,
    12,
    2,
    15
  ],
  [
    83,
    85,
    74,
    0.25,
    2,
    14,
    4,
    17
  ],
  [
    83.25,
    83,
    73,
    0.25,
    2,
    12,
    2,
    15
  ],
  [
    83.5,
    81,
    72,
    0.5,
    3,
    14,
    0,
    17
  ],
  [
    84.5,
    73,
    67,
    0.5,
    3,
    6,
    4,
    9
  ],
  [
    84.5,
    76,
    69,
    0.5,
    2,
    5,
    7,
    8
  ],
  [
    85,
    74,
    68,
    0.5,
    3,
    7,
    5,
    10
  ],
  [
    85.5,
    73,
    67,
    0.0625,
    3,
    6,
    4,
    9
  ],
  [
    85.5625,
    74,
    68,
    0.1875,
    3,
    7,
    5,
    10
  ],
  [
    85.5625,
    76,
    69,
    0.1875,
    2,
    5,
    7,
    8
  ],
  [
    86,
    76,
    69,
    1,
    3,
    9,
    7,
    12
  ],
  [
    87,
    74,
    68,
    0.5,
    3,
    7,
    5,
    10
  ],
  [
    87.5,
    76,
    69,
    0.5,
    3,
    9,
    7,
    12
  ],
  [
    88.75,
    74,
    68,
    0.25,
    3,
    7,
    5,
    10
  ],
  [
    89,
    74,
    68,
    1,
    3,
    7,
    5,
    10
  ],
  [
    91,
    74,
    68,
    1,
    3,
    7,
    5,
    10
  ],
  [
    94,
    86,
    75,
    0.5,
    2,
    15,
    5,
    18
  ],
  [
    94.5,
    86,
    75,
    0.5,
    2,
    15,
    5,
    18
  ],
  [
    95,
    83,
    73,
    0.5,
    3,
    16,
    2,
    19
  ],
  [
    95.5,
    86,
    75,
    0.5,
    2,
    15,
    5,
    18
  ],
  [
    96,
    83,
    73,
    1,
    3,
    16,
    2,
    19
  ],
  [
    97,
    81,
    72,
    0.5,
    3,
    14,
    0,
    17
  ],
  [
    97.5,
    79,
    71,
    0.5,
    3,
    12,
    10,
    15
  ],
  [
    98.5,
    76,
    69,
    0.5,
    4,
    14,
    7,
    17
  ],
  [
    101,
    74,
    68,
    1,
    3,
    7,
    5,
    10
  ],
  [
    101,
    76,
    69,
    1,
    2,
    5,
    7,
    8
  ],
  [
    102,
    74,
    68,
    1,
    3,
    7,
    5,
    10
  ],
  [
    102,
    76,
    69,
    1,
    2,
    5,
    7,
    8
  ],
  [
    103,
    74,
    68,
    1,
    3,
    7,
    5,
    10
  ],
  [
    103,
    76,
    69,
    1,
    2,
    5,
    7,
    8
  ],
  [
    105,
    74,
    68,
    1,
    3,
    7,
    5,
    10
  ],
  [
    105,
    76,
    69,
    1,
    2,
    5,
    7,
    8
  ],
  [
    106.75,
    74,
    68,
    0.25,
    3,
    7,
    5,
    10
  ],
  [
    107,
    76,
    69,
    1,
    2,
    5,
    7,
    8
  ],
  [
    109,
    74,
    68,
    0.125,
    3,
    7,
    5,
    10
  ],
  [
    109.125,
    76,
    69,
    0.125,
    3,
    9,
    7,
    12
  ],
  [
    109.25,
    76,
    69,
    0.75,
    2,
    5,
    7,
    8
  ],
  [
    110,
    76,
    69,
    1,
    2,
    5,
    7,
    8
  ],
  [
    111,
    74,
    68,
    0.25,
    3,
    7,
    5,
    10
  ],
  [
    111.25,
    76,
    69,
    0.75,
    2,
    5,
    7,
    8
  ],
  [
    112,
    76,
    69,
    0.25,
    2,
    5,
    7,
    8
  ],
  [
    112.25,
    74,
    68,
    0.75,
    2,
    3,
    5,
    6
  ],
  [
    113,
    74,
    68,
    1,
    2,
    3,
    5,
    6
  ],
  [
    114,
    71,
    66,
    0.125,
    2,
    0,
    2,
    3
  ],
  [
    114.125,
    79,
    71,
    0.375,
    1,
    3,
    10,
    6
  ],
  [
    115,
    69,
    65,
    0.25,
    3,
    2,
    0,
    5
  ],
  [
    115.25,
    67,
    64,
    0.25,
    3,
    0,
    10,
    3
  ],
  [
    115.5,
    64,
    62,
    0.5,
    4,
    2,
    7,
    5
  ],
  [
    117,
    57,
    58,
    0.25,
    5,
    0,
    0,
    3
  ],
  [
    117.25,
    59,
    59,
    0.25,
    5,
    2,
    2,
    5
  ],
  [
    117.5,
    59,
    59,
    0.25,
    5,
    2,
    2,
    5
  ],
  [
    117.75,
    62,
    61,
    0.25,
    4,
    0,
    5,
    3
  ],
  [
    118,
    64,
    62,
    0.25,
    4,
    2,
    7,
    5
  ],
  [
    118.25,
    62,
    61,
    0.25,
    4,
    0,
    5,
    3
  ],
  [
    118.5,
    64,
    62,
    0.5,
    4,
    2,
    7,
    5
  ],
  [
    119,
    64,
    62,
    0.5,
    4,
    2,
    7,
    5
  ],
  [
    119.5,
    62,
    61,
    0.5,
    4,
    0,
    5,
    3
  ],
  [
    120.5,
    57,
    58,
    0.25,
    5,
    0,
    0,
    3
  ],
  [
    120.75,
    59,
    59,
    0.25,
    5,
    2,
    2,
    5
  ],
  [
    121.5,
    62,
    61,
    0.5,
    4,
    0,
    5,
    3
  ],
  [
    122,
    57,
    58,
    0.25,
    5,
    0,
    0,
    3
  ],
  [
    122.25,
    59,
    59,
    0.25,
    5,
    2,
    2,
    5
  ],
  [
    122.5,
    67,
    64,
    0.5,
    3,
    0,
    10,
    3
  ],
  [
    123.5,
    55,
    57,
    0.5,
    6,
    3,
    10,
    6
  ],
  [
    124,
    52,
    55,
    0.5,
    6,
    0,
    7,
    3
  ],
  [
    124.5,
    64,
    62,
    1,
    4,
    2,
    7,
    5
  ],
  [
    124.5,
    68,
    64,
    1,
    3,
    1,
    11,
    4
  ],
  [
    127.5,
    74,
    68,
    0.5,
    2,
    3,
    5,
    6
  ],
  [
    128.25,
    74,
    68,
    0.75,
    2,
    3,
    5,
    6
  ],
  [
    129.5,
    71,
    66,
    0.25,
    3,
    4,
    2,
    7
  ],
  [
    129.75,
    74,
    68,
    0.25,
    2,
    3,
    5,
    6
  ],
  [
    130,
    71,
    66,
    0.25,
    3,
    4,
    2,
    7
  ],
  [
    130.25,
    74,
    68,
    0.25,
    2,
    3,
    5,
    6
  ],
  [
    130.5,
    71,
    66,
    0.25,
    3,
    4,
    2,
    7
  ],
  [
    130.75,
    69,
    65,
    0.25,
    3,
    2,
    0,
    5
  ],
  [
    131,
    67,
    64,
    0.5,
    3,
    0,
    10,
    3
  ],
  [
    131.5,
    64,
    62,
    0.5,
    4,
    2,
    7,
    5
  ],
  [
    132,
    52,
    55,
    0.5,
    6,
    0,
    7,
    3
  ],
  [
    132.5,
    64,
    62,
    0.5,
    4,
    2,
    7,
    5
  ],
  [
    133,
    62,
    61,
    0.5,
    4,
    0,
    5,
    3
  ],
  [
    133.5,
    64,
    62,
    0.5,
    4,
    2,
    7,
    5
  ],
  [
    135.5,
    67,
    64,
    0.25,
    3,
    0,
    10,
    3
  ],
  [
    135.75,
    64,
    62,
    0.25,
    4,
    2,
    7,
    5
  ],
  [
    136.25,
    69,
    65,
    0.25,
    5,
    12,
    0,
    15
  ],
  [
    136.25,
    74,
    68,
    0.25,
    4,
    12,
    5,
    15
  ],
  [
    136.5,
    71,
    66,
    0.5,
    5,
    14,
    2,
    17
  ],
  [
    137,
    74,
    68,
    0.5,
    4,
    12,
    5,
    15
  ],
  [
    137.5,
    76,
    69,
    0.5,
    4,
    14,
    7,
    17
  ],
  [
    138,
    74,
    68,
    1,
    4,
    12,
    5,
    15
  ],
  [
    138,
    79,
    71,
    1,
    3,
    12,
    10,
    15
  ],
  [
    139,
    67,
    64,
    0.5,
    5,
    10,
    10,
    13
  ],
  [
    139.5,
    69,
    65,
    0.5,
    5,
    12,
    0,
    15
  ]
]