[
  [
    0,
    57,
    58,
    0.5,
    5,
    0,
    0,
    3
  ],
  [
    0,
    64,
    62,
    0.5,
    4,
    2,
    7,
    5
  ],
  [
    0,
    69,
    65,
    0.5,
    3,
    2,
    0,
    5
  ],
  [
    0.5,
    69,
    65,
    0.5,
    3,
    2,
    0,
    5
  ],
  [
    1,
    67,
    64,
    0.5,
    3,
    0,
    10,
    3
  ],
  [
    1.5,
    69,
    65,
    0.5,
    3,
    2,
    0,
    5
  ],
  [
    2.25,
    67,
    64,
    0.25,
    3,
    0,
    10,
    3
  ],
  [
    2.5,
    69,
    65,
    0.5,
    3,
    2,
    0,
    5
  ],
  [
    3,
    67,
    64,
    0.5,
    3,
    0,
    10,
    3
  ],
  [
    3,
    71,
    66,
    0.5,
    2,
    0,
    2,
    3
  ],
  [
    3.5,
    60,
    60,
    0.5,
    5,
    3,
    3,
    6
  ],
  [
    4,
    57,
    58,
    0.5,
    5,
    0,
    0,
    3
  ],
  [
    4,
    64,
    62,
    0.5,
    4,
    2,
    7,
    5
  ],
  [
    4,
    69,
    65,
    0.5,
    3,
    2,
    0,
    5
  ],
  [
    4.5,
    69,
    65,
    0.5,
    3,
    2,
    0,
    5
  ],
  [
    5,
    67,
    64,
    0.5,
    3,
    0,
    10,
    3
  ],
  [
    5.5,
    69,
    65,
    0.5,
    3,
    2,
    0,
    5
  ],
  [
    6.25,
    67,
    64,
    0.25,
    3,
    0,
    10,
    3
  ],
  [
    6.5,
    69,
    65,
    0.5,
    3,
    2,
    0,
    5
  ],
  [
    7,
    67,
    64,
    0.5,
    3,
    0,
    10,
    3
  ],
  [
    7.5,
    60,
    60,
    0.5,
    5,
    3,
    3,
    6
  ],
  [
    8,
    57,
    58,
    0.5,
    5,
    0,
    0,
    3
  ],
  [
    8.5,
    69,
    65,
    0.5,
    3,
    2,
    0,
    5
  ],
  [
    8.5,
    73,
    67,
    0.5,
    2,
    2,
    4,
    5
  ],
  [
    9,
    67,
    64,
    0.5,
    3,
    0,
    10,
    3
  ],
  [
    9,
    71,
    66,
    0.5,
    2,
    0,
    2,
    3
  ],
  [
    9.5,
    69,
    65,
    0.5,
    3,
    2,
    0,
    5
  ],
  [
    9.5,
    73,
    67,
    0.5,
    2,
    2,
    4,
    5
  ],
  [
    10.25,
    67,
    64,
    0.25,
    3,
    0,
    10,
    3
  ],
  [
    10.5,
    69,
    65,
    0.5,
    3,
    2,
    0,
    5
  ],
  [
    11,
    67,
    64,
    0.5,
    3,
    0,
    10,
    3
  ],
  [
    11.5,
    60,
    60,
    0.5,
    5,
    3,
    3,
    6
  ],
  [
    12,
    57,
    58,
    0.5,
    5,
    0,
    0,
    3
  ],
  [
    12.5,
    69,
    65,
    0.5,
    3,
    2,
    0,
    5
  ],
  [
    12.5,
    73,
    67,
    0.5,
    2,
    2,
    4,
    5
  ],
  [
    13,
    67,
    64,
    0.5,
    3,
    0,
    10,
    3
  ],
  [
    13,
    71,
    66,
    0.5,
    2,
    0,
    2,
    3
  ],
  [
    13.5,
    69,
    65,
    0.5,
    3,
    2,
    0,
    5
  ],
  [
    13.5,
    73,
    67,
    0.5,
    2,
    2,
    4,
    5
  ],
  [
    14.25,
    67,
    64,
    0.25,
    3,
    0,
    10,
    3
  ],
  [
    14.5,
    69,
    65,
    0.5,
    3,
    2,
    0,
    5
  ],
  [
    15,
    67,
    64,
    0.5,
    3,
    0,
    10,
    3
  ],
  [
    15.5,
    60,
    60,
    0.5,
    5,
    3,
    3,
    6
  ],
  [
    16,
    62,
    61,
    0.5,
    4,
    0,
    5,
    3
  ],
  [
    16.5,
    62,
    61,
    0.25,
    4,
    0,
    5,
    3
  ],
  [
    16.75,
    72,
    67,
    0.25,
    2,
    1,
    3,
    4
  ],
  [
    17.25,
    72,
    67,
    0.25,
    2,
    1,
    3,
    4
  ],
  [
    17.5,
    69,
    65,
    0.5,
    3,
    2,
    0,
    5
  ],
  [
    18,
    78,
    70,
    1,
    1,
    2,
    9,
    5
  ],
  [
    19,
    72,
    67,
    0.5,
    2,
    1,
    3,
    4
  ],
  [
    19.5,
    60,
    60,
    0.5,
    5,
    3,
    3,
    6
  ],
  [
    20,
    62,
    61,
    0.5,
    4,
    0,
    5,
    3
  ],
  [
    20.5,
    62,
    61,
    0.25,
    4,
    0,
    5,
    3
  ],
  [
    20.75,
    78,
    70,
    0.25,
    1,
    2,
    9,
    5
  ],
  [
    21.25,
    72,
    67,
    0.25,
    2,
    1,
    3,
    4
  ],
  [
    21.5,
    69,
    65,
    0.5,
    3,
    2,
    0,
    5
  ],
  [
    22,
    78,
    70,
    1,
    1,
    2,
    9,
    5
  ],
  [
    23,
    72,
    67,
    0.5,
    2,
    1,
    3,
    4
  ],
  [
    23.5,
    60,
    60,
    0.5,
    5,
    3,
    3,
    6
  ],
  [
    24,
    57,
    58,
    0.5,
    5,
    0,
    0,
    3
  ],
  [
    24,
    64,
    62,
    0.5,
    4,
    2,
    7,
    5
  ],
  [
    24.5,
    69,
    65,
    0.5,
    3,
    2,
    0,
    5
  ],
  [
    24.5,
    73,
    67,
    0.5,
    2,
    2,
    4,
    5
  ],
  [
    25,
    67,
    64,
    0.5,
    3,
    0,
    10,
    3
  ],
  [
    25,
    71,
    66,
    0.5,
    2,
    0,
    2,
    3
  ],
  [
    25.5,
    69,
    65,
    0.5,
    3,
    2,
    0,
    5
  ],
  [
    26.25,
    67,
    64,
    0.25,
    3,
    0,
    10,
    3
  ],
  [
    26.5,
    69,
    65,
    0.5,
    3,
    2,
    0,
    5
  ],
  [
    27,
    67,
    64,
    0.5,
    3,
    0,
    10,
    3
  ],
  [
    27.5,
    60,
    60,
    0.5,
    5,
    3,
    3,
    6
  ],
  [
    28,
    57,
    58,
    0.5,
    5,
    0,
    0,
    3
  ],
  [
    28.5,
    69,
    65,
    0.5,
    3,
    2,
    0,
    5
  ],
  [
    28.5,
    73,
    67,
    0.5,
    2,
    2,
    4,
    5
  ],
  [
    29,
    67,
    64,
    0.5,
    3,
    0,
    10,
    3
  ],
  [
    29,
    71,
    66,
    0.5,
    2,
    0,
    2,
    3
  ],
  [
    29.5,
    69,
    65,
    0.5,
    3,
    2,
    0,
    5
  ],
  [
    30.25,
    67,
    64,
    0.25,
    3,
    0,
    10,
    3
  ],
  [
    30.5,
    69,
    65,
    0.5,
    3,
    2,
    0,
    5
  ],
  [
    31,
    67,
    64,
    0.5,
    3,
    0,
    10,
    3
  ],
  [
    31.5,
    60,
    60,
    0.5,
    5,
    3,
    3,
    6
  ],
  [
    32,
    57,
    58,
    0.5,
    5,
    0,
    0,
    3
  ],
  [
    32,
    64,
    62,
    0.5,
    4,
    2,
    7,
    5
  ],
  [
    32.5,
    52,
    55,
    0.5,
    6,
    0,
    7,
    3
  ],
  [
    33,
    64,
    62,
    0.5,
    4,
    2,
    7,
    5
  ],
  [
    33,
    71,
    66,
    0.5,
    3,
    4,
    2,
    7
  ],
  [
    33.5,
    64,
    62,
    0.5,
    4,
    2,
    7,
    5
  ],
  [
    33.5,
    71,
    66,
    0.5,
    3,
    4,
    2,
    7
  ],
  [
    34.5,
    71,
    66,
    0.5,
    3,
    4,
    2,
    7
  ],
  [
    35,
    64,
    62,
    0.5,
    4,
    2,
    7,
    5
  ],
  [
    35.5,
    61,
    60,
    0.5,
    5,
    4,
    4,
    7
  ],
  [
    36,
    64,
    62,
    0.25,
    5,
    7,
    7,
    10
  ],
  [
    36.25,
    67,
    64,
    0.25,
    4,
    5,
    10,
    8
  ],
  [
    36.5,
    69,
    65,
    0.5,
    4,
    7,
    0,
    10
  ],
  [
    37,
    72,
    67,
    0.5,
    3,
    5,
    3,
    8
  ],
  [
    37.5,
    69,
    65,
    0.5,
    4,
    7,
    0,
    10
  ],
  [
    38,
    74,
    68,
    0.25,
    3,
    7,
    5,
    10
  ],
  [
    38.25,
    72,
    67,
    0.25,
    3,
    5,
    3,
    8
  ],
  [
    38.5,
    69,
    65,
    0.5,
    4,
    7,
    0,
    10
  ],
  [
    39,
    72,
    67,
    0.75,
    3,
    5,
    3,
    8
  ],
  [
    39.75,
    73,
    67,
    0.25,
    3,
    6,
    4,
    9
  ],
  [
    40,
    69,
    65,
    1,
    4,
    7,
    0,
    10
  ],
  [
    41,
    72,
    67,
    0.25,
    3,
    5,
    3,
    8
  ],
  [
    41.25,
    73,
    67,
    0.25,
    3,
    6,
    4,
    9
  ],
  [
    41.5,
    76,
    69,
    0.25,
    2,
    5,
    7,
    8
  ],
  [
    41.75,
    81,
    72,
    0.25,
    1,
    5,
    0,
    8
  ],
  [
    42,
    79,
    71,
    0.25,
    2,
    8,
    10,
    11
  ],
  [
    42.25,
    76,
    69,
    0.25,
    2,
    5,
    7,
    8
  ],
  [
    42.5,
    74,
    68,
    0.25,
    3,
    7,
    5,
    10
  ],
  [
    42.75,
    76,
    69,
    0.25,
    2,
    5,
    7,
    8
  ],
  [
    43,
    73,
    67,
    1,
    3,
    6,
    4,
    9
  ],
  [
    44,
    52,
    55,
    2,
    6,
    0,
    7,
    3
  ],
  [
    44,
    57,
    58,
    2,
    5,
    0,
    0,
    3
  ],
  [
    46,
    86,
    75,
    0.5,
    3,
    19,
    5,
    22
  ],
  [
    46.5,
    88,
    76,
    0.25,
    2,
    17,
    7,
    20
  ],
  [
    46.75,
    88,
    76,
    0.25,
    2,
    17,
    7,
    20
  ],
  [
    47,
    88,
    76,
    0.5,
    2,
    17,
    7,
    20
  ],
  [
    47.5,
    86,
    75,
    0.5,
    3,
    19,
    5,
    22
  ],
  [
    48,
    88,
    76,
    0.25,
    2,
    17,
    7,
    20
  ],
  [
    48,
    93,
    79,
    0.25,
    1,
    17,
    0,
    20
  ],
  [
    48.25,
    88,
    76,
    0.25,
    2,
    17,
    7,
    20
  ],
  [
    48.25,
    93,
    79,
    0.25,
    1,
    17,
    0,
    20
  ],
  [
    48.5,
    88,
    76,
    0.25,
    2,
    17,
    7,
    20
  ],
  [
    48.5,
    93,
    79,
    0.25,
    1,
    17,
    0,
    20
  ],
  [
    48.75,
    88,
    76,
    0.25,
    2,
    17,
    7,
    20
  ],
  [
    48.75,
    93,
    79,
    0.25,
    1,
    17,
    0,
    20
  ],
  [
    49,
    86,
    75,
    0.5,
    3,
    19,
    5,
    22
  ],
  [
    49.5,
    88,
    76,
    0.25,
    2,
    17,
    7,
    20
  ],
  [
    49.5,
    93,
    79,
    0.25,
    1,
    17,
    0,
    20
  ],
  [
    49.75,
    88,
    76,
    0.25,
    2,
    17,
    7,
    20
  ],
  [
    49.75,
    93,
    79,
    0.25,
    1,
    17,
    0,
    20
  ],
  [
    50,
    88,
    76,
    0.25,
    2,
    17,
    7,
    20
  ],
  [
    50,
    93,
    79,
    0.25,
    1,
    17,
    0,
    20
  ],
  [
    50.25,
    88,
    76,
    0.25,
    2,
    17,
    7,
    20
  ],
  [
    50.25,
    93,
    79,
    0.25,
    1,
    17,
    0,
    20
  ],
  [
    50.5,
    86,
    75,
    0.5,
    3,
    19,
    5,
    22
  ],
  [
    51,
    88,
    76,
    0.25,
    2,
    17,
    7,
    20
  ],
  [
    51,
    93,
    79,
    0.25,
    1,
    17,
    0,
    20
  ],
  [
    51.25,
    88,
    76,
    0.25,
    2,
    17,
    7,
    20
  ],
  [
    51.25,
    93,
    79,
    0.25,
    1,
    17,
    0,
    20
  ],
  [
    51.5,
    88,
    76,
    0.25,
    2,
    17,
    7,
    20
  ],
  [
    51.5,
    93,
    79,
    0.25,
    1,
    17,
    0,
    20
  ],
  [
    51.75,
    88,
    76,
    0.25,
    2,
    17,
    7,
    20
  ],
  [
    51.75,
    93,
    79,
    0.25,
    1,
    17,
    0,
    20
  ],
  [
    52,
    91,
    78,
    2,
    2,
    20,
    10,
    23
  ],
  [
    54,
    93,
    79,
    0.5,
    1,
    17,
    0,
    20
  ],
  [
    54.5,
    91,
    78,
    0.5,
    2,
    20,
    10,
    23
  ],
  [
    55,
    86,
    75,
    0.25,
    3,
    19,
    5,
    22
  ],
  [
    55.5,
    84,
    74,
    0.5,
    3,
    17,
    3,
    20
  ],
  [
    56,
    86,
    75,
    0.5,
    3,
    19,
    5,
    22
  ],
  [
    56.5,
    81,
    72,
    0.5,
    4,
    19,
    0,
    22
  ],
  [
    57,
    84,
    74,
    0.5,
    3,
    17,
    3,
    20
  ],
  [
    57.5,
    85,
    74,
    0.5,
    3,
    18,
    4,
    21
  ],
  [
    58,
    88,
    76,
    0.5,
    2,
    17,
    7,
    20
  ],
  [
    58.5,
    93,
    79,
    0.5,
    1,
    17,
    0,
    20
  ],
  [
    59,
    91,
    78,
    0.25,
    2,
    20,
    10,
    23
  ],
  [
    59.25,
    88,
    76,
    0.25,
    2,
    17,
    7,
    20
  ],
  [
    59.5,
    86,
    75,
    0.5,
    3,
    19,
    5,
    22
  ],
  [
    60,
    84,
    74,
    1,
    3,
    17,
    3,
    20
  ],
  [
    61,
    81,
    72,
    0.5,
    4,
    19,
    0,
    22
  ],
  [
    61.5,
    96,
    81,
    1,
    1,
    20,
    3,
    23
  ],
  [
    62.5,
    96,
    81,
    0.5,
    1,
    20,
    3,
    23
  ],
  [
    63,
    93,
    79,
    0.16667,
    1,
    17,
    0,
    20
  ],
  [
    63.16667,
    96,
    81,
    0.16667,
    1,
    20,
    3,
    23
  ],
  [
    63.33333,
    93,
    79,
    0.16667,
    1,
    17,
    0,
    20
  ],
  [
    63.5,
    91,
    78,
    0.5,
    2,
    20,
    10,
    23
  ],
  [
    64,
    93,
    79,
    1,
    1,
    17,
    0,
    20
  ],
  [
    65,
    90,
    77,
    0.5,
    2,
    19,
    9,
    22
  ],
  [
    65.5,
    91,
    78,
    0.5,
    2,
    20,
    10,
    23
  ],
  [
    67,
    93,
    79,
    0.5,
    1,
    17,
    0,
    20
  ],
  [
    67.5,
    91,
    78,
    0.5,
    2,
    20,
    10,
    23
  ],
  [
    68,
    86,
    75,
    0.16667,
    3,
    19,
    5,
    22
  ],
  [
    68.5,
    84,
    74,
    0.5,
    3,
    17,
    3,
    20
  ],
  [
    69,
    86,
    75,
    0.5,
    3,
    19,
    5,
    22
  ],
  [
    69.5,
    81,
    72,
    0.5,
    4,
    19,
    0,
    22
  ],
  [
    70,
    84,
    74,
    0.5,
    3,
    17,
    3,
    20
  ],
  [
    70.5,
    86,
    75,
    0.5,
    3,
    19,
    5,
    22
  ],
  [
    71,
    88,
    76,
    0.5,
    2,
    17,
    7,
    20
  ],
  [
    71.5,
    86,
    75,
    0.5,
    3,
    19,
    5,
    22
  ],
  [
    72,
    84,
    74,
    1,
    3,
    17,
    3,
    20
  ],
  [
    73,
    81,
    72,
    0.5,
    4,
    19,
    0,
    22
  ],
  [
    73.5,
    79,
    71,
    0.25,
    4,
    17,
    10,
    20
  ],
  [
    73.5,
    84,
    74,
    0.25,
    3,
    17,
    3,
    20
  ],
  [
    73.75,
    81,
    72,
    0.25,
    4,
    19,
    0,
    22
  ],
  [
    73.75,
    84,
    74,
    0.25,
    3,
    17,
    3,
    20
  ],
  [
    74.25,
    79,
    71,
    0.25,
    4,
    17,
    10,
    20
  ],
  [
    74.25,
    84,
    74,
    0.25,
    3,
    17,
    3,
    20
  ],
  [
    74.5,
    81,
    72,
    0.5,
    4,
    19,
    0,
    22
  ],
  [
    74.5,
    84,
    74,
    0.5,
    3,
    17,
    3,
    20
  ],
  [
    75,
    79,
    71,
    0.25,
    4,
    17,
    10,
    20
  ],
  [
    75,
    84,
    74,
    0.25,
    3,
    17,
    3,
    20
  ],
  [
    75.25,
    81,
    72,
    0.5,
    4,
    19,
    0,
    22
  ],
  [
    75.25,
    84,
    74,
    0.5,
    3,
    17,
    3,
    20
  ],
  [
    75.75,
    81,
    72,
    0.25,
    4,
    19,
    0,
    22
  ],
  [
    75.75,
    84,
    74,
    0.25,
    3,
    17,
    3,
    20
  ],
  [
    76,
    79,
    71,
    0.25,
    4,
    17,
    10,
    20
  ],
  [
    76,
    84,
    74,
    0.25,
    3,
    17,
    3,
    20
  ],
  [
    76.25,
    81,
    72,
    0.25,
    4,
    19,
    0,
    22
  ],
  [
    76.25,
    84,
    74,
    0.25,
    3,
    17,
    3,
    20
  ],
  [
    76.5,
    81,
    72,
    0.25,
    4,
    19,
    0,
    22
  ],
  [
    76.5,
    84,
    74,
    0.25,
    3,
    17,
    3,
    20
  ],
  [
    76.75,
    81,
    72,
    0.25,
    4,
    19,
    0,
    22
  ],
  [
    76.75,
    84,
    74,
    0.25,
    3,
    17,
    3,
    20
  ],
  [
    77.25,
    79,
    71,
    0.25,
    4,
    17,
    10,
    20
  ],
  [
    77.25,
    84,
    74,
    0.25,
    3,
    17,
    3,
    20
  ],
  [
    77.5,
    81,
    72,
    0.25,
    4,
    19,
    0,
    22
  ],
  [
    77.5,
    84,
    74,
    0.25,
    3,
    17,
    3,
    20
  ],
  [
    77.75,
    81,
    72,
    0.25,
    4,
    19,
    0,
    22
  ],
  [
    77.75,
    84,
    74,
    0.25,
    3,
    17,
    3,
    20
  ],
  [
    78,
    81,
    72,
    0.25,
    4,
    19,
    0,
    22
  ],
  [
    78,
    84,
    74,
    0.25,
    3,
    17,
    3,
    20
  ],
  [
    78.25,
    81,
    72,
    0.25,
    4,
    19,
    0,
    22
  ],
  [
    78.25,
    84,
    74,
    0.25,
    3,
    17,
    3,
    20
  ],
  [
    78.5,
    79,
    71,
    0.5,
    4,
    17,
    10,
    20
  ],
  [
    78.5,
    84,
    74,
    0.5,
    3,
    17,
    3,
    20
  ],
  [
    79,
    74,
    68,
    0.25,
    5,
    17,
    5,
    20
  ],
  [
    79,
    79,
    71,
    0.25,
    4,
    17,
    10,
    20
  ],
  [
    79.25,
    76,
    69,
    0.25,
    5,
    19,
    7,
    22
  ],
  [
    79.5,
    79,
    71,
    0.25,
    4,
    17,
    10,
    20
  ],
  [
    79.75,
    84,
    74,
    0.25,
    3,
    17,
    3,
    20
  ],
  [
    80,
    79,
    71,
    0.25,
    4,
    17,
    10,
    20
  ],
  [
    80,
    84,
    74,
    0.25,
    3,
    17,
    3,
    20
  ],
  [
    80.25,
    81,
    72,
    0.25,
    4,
    19,
    0,
    22
  ],
  [
    80.5,
    81,
    72,
    0.25,
    4,
    19,
    0,
    22
  ],
  [
    80.5,
    84,
    74,
    0.25,
    3,
    17,
    3,
    20
  ],
  [
    80.75,
    81,
    72,
    0.25,
    4,
    19,
    0,
    22
  ],
  [
    80.75,
    84,
    74,
    0.25,
    3,
    17,
    3,
    20
  ],
  [
    81,
    81,
    72,
    0.5,
    4,
    19,
    0,
    22
  ],
  [
    81,
    86,
    75,
    0.5,
    3,
    19,
    5,
    22
  ],
  [
    81.5,
    79,
    71,
    0.5,
    4,
    17,
    10,
    20
  ],
  [
    81.5,
    84,
    74,
    0.5,
    3,
    17,
    3,
    20
  ],
  [
    82,
    57,
    58,
    1,
    5,
    0,
    0,
    3
  ],
  [
    82,
    81,
    72,
    1,
    4,
    19,
    0,
    22
  ],
  [
    83,
    86,
    75,
    0.5,
    3,
    19,
    5,
    22
  ],
  [
    83.5,
    88,
    76,
    0.25,
    2,
    17,
    7,
    20
  ],
  [
    83.75,
    88,
    76,
    0.25,
    2,
    17,
    7,
    20
  ],
  [
    84,
    88,
    76,
    0.25,
    2,
    17,
    7,
    20
  ],
  [
    84.25,
    88,
    76,
    0.25,
    2,
    17,
    7,
    20
  ],
  [
    84.5,
    86,
    75,
    0.5,
    3,
    19,
    5,
    22
  ],
  [
    85,
    88,
    76,
    0.25,
    2,
    17,
    7,
    20
  ],
  [
    85.25,
    88,
    76,
    0.25,
    2,
    17,
    7,
    20
  ],
  [
    85.5,
    88,
    76,
    0.25,
    2,
    17,
    7,
    20
  ],
  [
    85.75,
    88,
    76,
    0.25,
    2,
    17,
    7,
    20
  ],
  [
    86,
    91,
    78,
    0.25,
    2,
    20,
    10,
    23
  ],
  [
    86.25,
    88,
    76,
    0.25,
    2,
    17,
    7,
    20
  ],
  [
    86.5,
    86,
    75,
    0.25,
    3,
    19,
    5,
    22
  ],
  [
    86.75,
    88,
    76,
    0.25,
    2,
    17,
    7,
    20
  ],
  [
    87,
    84,
    74,
    0.25,
    3,
    17,
    3,
    20
  ],
  [
    87.25,
    86,
    75,
    0.25,
    3,
    19,
    5,
    22
  ],
  [
    87.5,
    84,
    74,
    0.5,
    3,
    17,
    3,
    20
  ],
  [
    88,
    81,
    72,
    0.5,
    4,
    19,
    0,
    22
  ],
  [
    88.5,
    91,
    78,
    0.5,
    2,
    20,
    10,
    23
  ],
  [
    90,
    84,
    74,
    0.5,
    3,
    17,
    3,
    20
  ],
  [
    90.5,
    86,
    75,
    0.5,
    3,
    19,
    5,
    22
  ],
  [
    91,
    84,
    74,
    1,
    3,
    17,
    3,
    20
  ],
  [
    92,
    81,
    72,
    0.25,
    4,
    19,
    0,
    22
  ],
  [
    92.25,
    79,
    71,
    0.25,
    4,
    17,
    10,
    20
  ],
  [
    92.5,
    76,
    69,
    0.5,
    5,
    19,
    7,
    22
  ],
  [
    93,
    79,
    71,
    0.5,
    4,
    17,
    10,
    20
  ],
  [
    93,
    84,
    74,
    0.5,
    3,
    17,
    3,
    20
  ],
  [
    93.5,
    79,
    71,
    0.5,
    4,
    17,
    10,
    20
  ],
  [
    93.5,
    84,
    74,
    0.5,
    3,
    17,
    3,
    20
  ],
  [
    94,
    76,
    69,
    0.5,
    5,
    19,
    7,
    22
  ],
  [
    94.5,
    88,
    76,
    0.5,
    2,
    17,
    7,
    20
  ],
  [
    95,
    90,
    77,
    0.5,
    2,
    19,
    9,
    22
  ],
  [
    95.5,
    93,
    79,
    0.5,
    1,
    17,
    0,
    20
  ],
  [
    96,
    91,
    78,
    2,
    2,
    20,
    10,
    23
  ],
  [
    98,
    93,
    79,
    0.5,
    1,
    17,
    0,
    20
  ],
  [
    98.5,
    91,
    78,
    0.5,
    2,
    20,
    10,
    23
  ],
  [
    99,
    93,
    79,
    0.5,
    1,
    17,
    0,
    20
  ],
  [
    99.5,
    91,
    78,
    0.5,
    2,
    20,
    10,
    23
  ],
  [
    101,
    93,
    79,
    0.5,
    1,
    17,
    0,
    20
  ],
  [
    101.5,
    91,
    78,
    0.5,
    2,
    20,
    10,
    23
  ],
  [
    102,
    96,
    81,
    0.25,
    1,
    20,
    3,
    23
  ],
  [
    102.25,
    93,
    79,
    0.25,
    1,
    17,
    0,
    20
  ],
  [
    102.5,
    91,
    78,
    0.5,
    2,
    20,
    10,
    23
  ],
  [
    103,
    96,
    81,
    1,
    1,
    20,
    3,
    23
  ],
  [
    104,
    96,
    81,
    1,
    1,
    20,
    3,
    23
  ],
  [
    105,
    93,
    79,
    0.5,
    1,
    17,
    0,
    20
  ],
  [
    105.5,
    91,
    78,
    0.5,
    2,
    20,
    10,
    23
  ],
  [
    106,
    93,
    79,
    0.5,
    1,
    17,
    0,
    20
  ],
  [
    106.5,
    91,
    78,
    1.5,
    2,
    20,
    10,
    23
  ],
  [
    108,
    93,
    79,
    0.5,
    1,
    17,
    0,
    20
  ],
  [
    108.5,
    91,
    78,
    0.5,
    2,
    20,
    10,
    23
  ],
  [
    109,
    88,
    76,
    0.5,
    2,
    17,
    7,
    20
  ],
  [
    109.5,
    91,
    78,
    0.5,
    2,
    20,
    10,
    23
  ],
  [
    110,
    86,
    75,
    0.5,
    3,
    19,
    5,
    22
  ],
  [
    110.5,
    84,
    74,
    0.5,
    3,
    17,
    3,
    20
  ],
  [
    111,
    86,
    75,
    0.5,
    3,
    19,
    5,
    22
  ],
  [
    111.5,
    81,
    72,
    0.5,
    4,
    19,
    0,
    22
  ],
  [
    112,
    88,
    76,
    0.75,
    3,
    21,
    7,
    24
  ],
  [
    113,
    86,
    75,
    0.5,
    3,
    19,
    5,
    22
  ],
  [
    113.5,
    88,
    76,
    0.5,
    3,
    21,
    7,
    24
  ],
  [
    114,
    86,
    75,
    2,
    3,
    19,
    5,
    22
  ],
  [
    116,
    84,
    74,
    0.16667,
    3,
    17,
    3,
    20
  ],
  [
    116.16667,
    86,
    75,
    0.16667,
    3,
    19,
    5,
    22
  ],
  [
    116.33333,
    84,
    74,
    0.16667,
    3,
    17,
    3,
    20
  ],
  [
    116.5,
    81,
    72,
    0.5,
    4,
    19,
    0,
    22
  ],
  [
    117,
    84,
    74,
    0.5,
    3,
    17,
    3,
    20
  ],
  [
    117,
    88,
    76,
    0.5,
    2,
    17,
    7,
    20
  ],
  [
    117.5,
    86,
    75,
    0.5,
    3,
    19,
    5,
    22
  ],
  [
    117.5,
    90,
    77,
    0.5,
    2,
    19,
    9,
    22
  ],
  [
    118,
    84,
    74,
    0.25,
    3,
    17,
    3,
    20
  ],
  [
    118.25,
    81,
    72,
    0.25,
    4,
    19,
    0,
    22
  ],
  [
    118.5,
    81,
    72,
    0.5,
    4,
    19,
    0,
    22
  ],
  [
    119,
    84,
    74,
    0.5,
    3,
    17,
    3,
    20
  ],
  [
    119.5,
    86,
    75,
    0.5,
    3,
    19,
    5,
    22
  ],
  [
    120,
    81,
    72,
    1,
    4,
    19,
    0,
    22
  ],
  [
    121,
    85,
    74,
    0.75,
    3,
    18,
    4,
    21
  ],
  [
    121.75,
    88,
    76,
    0.25,
    2,
    17,
    7,
    20
  ],
  [
    122,
    86,
    75,
    0.75,
    3,
    19,
    5,
    22
  ],
  [
    122.75,
    88,
    76,
    0.25,
    2,
    17,
    7,
    20
  ],
  [
    123,
    85,
    74,
    0.75,
    3,
    18,
    4,
    21
  ],
  [
    123.75,
    88,
    76,
    0.25,
    2,
    17,
    7,
    20
  ],
  [
    124,
    81,
    72,
    0.25,
    4,
    19,
    0,
    22
  ],
  [
    124.25,
    79,
    71,
    0.25,
    4,
    17,
    10,
    20
  ],
  [
    124.5,
    76,
    69,
    0.5,
    5,
    19,
    7,
    22
  ],
  [
    125,
    79,
    71,
    0.5,
    4,
    17,
    10,
    20
  ],
  [
    125.5,
    81,
    72,
    0.5,
    4,
    19,
    0,
    22
  ],
  [
    126,
    84,
    74,
    0.75,
    3,
    17,
    3,
    20
  ],
  [
    126.75,
    84,
    74,
    0.25,
    3,
    17,
    3,
    20
  ],
  [
    127,
    81,
    72,
    0.5,
    4,
    19,
    0,
    22
  ],
  [
    127.5,
    91,
    78,
    0.25,
    2,
    20,
    10,
    23
  ],
  [
    127.75,
    88,
    76,
    0.25,
    2,
    17,
    7,
    20
  ],
  [
    128,
    86,
    75,
    0.5,
    3,
    19,
    5,
    22
  ],
  [
    128.5,
    91,
    78,
    0.25,
    2,
    20,
    10,
    23
  ],
  [
    128.75,
    88,
    76,
    0.25,
    2,
    17,
    7,
    20
  ],
  [
    129,
    86,
    75,
    0.5,
    3,
    19,
    5,
    22
  ],
  [
    129.5,
    91,
    78,
    0.25,
    2,
    20,
    10,
    23
  ],
  [
    129.75,
    88,
    76,
    0.25,
    2,
    17,
    7,
    20
  ],
  [
    130,
    86,
    75,
    0.5,
    3,
    19,
    5,
    22
  ],
  [
    130.5,
    91,
    78,
    0.25,
    2,
    20,
    10,
    23
  ],
  [
    130.75,
    88,
    76,
    0.25,
    2,
    17,
    7,
    20
  ],
  [
    131,
    86,
    75,
    0.5,
    3,
    19,
    5,
    22
  ],
  [
    131.5,
    91,
    78,
    0.5,
    2,
    20,
    10,
    23
  ],
  [
    133,
    93,
    79,
    0.25,
    1,
    17,
    0,
    20
  ],
  [
    133.25,
    91,
    78,
    0.25,
    2,
    20,
    10,
    23
  ],
  [
    133.5,
    88,
    76,
    0.25,
    2,
    17,
    7,
    20
  ],
  [
    133.75,
    86,
    75,
    0.25,
    3,
    19,
    5,
    22
  ],
  [
    134.25,
    84,
    74,
    0.25,
    3,
    17,
    3,
    20
  ],
  [
    134.5,
    86,
    75,
    0.25,
    3,
    19,
    5,
    22
  ],
  [
    134.75,
    84,
    74,
    0.25,
    3,
    17,
    3,
    20
  ],
  [
    135,
    81,
    72,
    0.5,
    4,
    19,
    0,
    22
  ],
  [
    135.5,
    81,
    72,
    0.5,
    4,
    19,
    0,
    22
  ],
  [
    136,
    85,
    74,
    1,
    3,
    18,
    4,
    21
  ],
  [
    137,
    81,
    72,
    0.25,
    4,
    19,
    0,
    22
  ],
  [
    137.25,
    79,
    71,
    0.25,
    4,
    17,
    10,
    20
  ],
  [
    137.5,
    76,
    69,
    0.5,
    5,
    19,
    7,
    22
  ],
  [
    138,
    79,
    71,
    0.5,
    4,
    17,
    10,
    20
  ],
  [
    138,
    84,
    74,
    0.5,
    3,
    17,
    3,
    20
  ],
  [
    138.5,
    81,
    72,
    0.5,
    4,
    19,
    0,
    22
  ],
  [
    138.5,
    86,
    75,
    0.5,
    3,
    19,
    5,
    22
  ],
  [
    139,
    79,
    71,
    0.5,
    4,
    17,
    10,
    20
  ],
  [
    139,
    84,
    74,
    0.5,
    3,
    17,
    3,
    20
  ],
  [
    139.5,
    81,
    72,
    0.5,
    4,
    19,
    0,
    22
  ],
  [
    139.5,
    84,
    74,
    0.5,
    3,
    17,
    3,
    20
  ],
  [
    140,
    79,
    71,
    0.5,
    4,
    17,
    10,
    20
  ],
  [
    140,
    84,
    74,
    0.5,
    3,
    17,
    3,
    20
  ],
  [
    140.5,
    81,
    72,
    0.5,
    4,
    19,
    0,
    22
  ],
  [
    140.5,
    84,
    74,
    0.5,
    3,
    17,
    3,
    20
  ],
  [
    141,
    81,
    72,
    0.5,
    4,
    19,
    0,
    22
  ],
  [
    141,
    84,
    74,
    0.5,
    3,
    17,
    3,
    20
  ],
  [
    141.5,
    81,
    72,
    0.25,
    4,
    19,
    0,
    22
  ],
  [
    141.5,
    84,
    74,
    0.25,
    3,
    17,
    3,
    20
  ],
  [
    141.75,
    81,
    72,
    0.25,
    4,
    19,
    0,
    22
  ],
  [
    142,
    81,
    72,
    0.5,
    4,
    19,
    0,
    22
  ],
  [
    142,
    84,
    74,
    0.5,
    3,
    17,
    3,
    20
  ],
  [
    142.5,
    79,
    71,
    0.25,
    4,
    17,
    10,
    20
  ],
  [
    142.5,
    84,
    74,
    0.25,
    3,
    17,
    3,
    20
  ],
  [
    142.75,
    81,
    72,
    0.25,
    4,
    19,
    0,
    22
  ],
  [
    142.75,
    84,
    74,
    0.25,
    3,
    17,
    3,
    20
  ],
  [
    143,
    81,
    72,
    0.25,
    4,
    19,
    0,
    22
  ],
  [
    143,
    84,
    74,
    0.25,
    3,
    17,
    3,
    20
  ],
  [
    143.25,
    84,
    74,
    0.25,
    3,
    17,
    3,
    20
  ],
  [
    143.5,
    79,
    71,
    0.25,
    4,
    17,
    10,
    20
  ],
  [
    143.5,
    84,
    74,
    0.25,
    3,
    17,
    3,
    20
  ],
  [
    143.75,
    81,
    72,
    0.25,
    4,
    19,
    0,
    22
  ],
  [
    144,
    81,
    72,
    0.25,
    4,
    19,
    0,
    22
  ],
  [
    144,
    84,
    74,
    0.25,
    3,
    17,
    3,
    20
  ],
  [
    144.25,
    81,
    72,
    0.25,
    4,
    19,
    0,
    22
  ],
  [
    144.25,
    84,
    74,
    0.25,
    3,
    17,
    3,
    20
  ],
  [
    144.5,
    86,
    75,
    0.5,
    3,
    19,
    5,
    22
  ],
  [
    144.5,
    90,
    77,
    0.5,
    2,
    19,
    9,
    22
  ],
  [
    145,
    86,
    75,
    0.5,
    3,
    19,
    5,
    22
  ],
  [
    145,
    90,
    77,
    0.5,
    2,
    19,
    9,
    22
  ],
  [
    145.5,
    86,
    75,
    0.5,
    3,
    19,
    5,
    22
  ],
  [
    145.5,
    90,
    77,
    0.5,
    2,
    19,
    9,
    22
  ],
  [
    146,
    86,
    75,
    0.5,
    3,
    19,
    5,
    22
  ],
  [
    146,
    90,
    77,
    0.5,
    2,
    19,
    9,
    22
  ],
  [
    146.5,
    86,
    75,
    0.5,
    3,
    19,
    5,
    22
  ],
  [
    146.5,
    90,
    77,
    0.5,
    2,
    19,
    9,
    22
  ],
  [
    147,
    86,
    75,
    0.5,
    3,
    19,
    5,
    22
  ],
  [
    147,
    90,
    77,
    0.5,
    2,
    19,
    9,
    22
  ],
  [
    147.5,
    86,
    75,
    0.5,
    3,
    19,
    5,
    22
  ],
  [
    147.5,
    90,
    77,
    0.5,
    2,
    19,
    9,
    22
  ],
  [
    148.5,
    86,
    75,
    0.25,
    3,
    19,
    5,
    22
  ],
  [
    148.75,
    90,
    77,
    0.25,
    2,
    19,
    9,
    22
  ],
  [
    149.25,
    86,
    75,
    0.25,
    3,
    19,
    5,
    22
  ],
  [
    149.5,
    90,
    77,
    0.5,
    2,
    19,
    9,
    22
  ],
  [
    150,
    86,
    75,
    0.25,
    3,
    19,
    5,
    22
  ],
  [
    150.25,
    90,
    77,
    0.5,
    2,
    19,
    9,
    22
  ],
  [
    150.75,
    86,
    75,
    0.25,
    3,
    19,
    5,
    22
  ],
  [
    151,
    90,
    77,
    0.5,
    2,
    19,
    9,
    22
  ],
  [
    151.5,
    86,
    75,
    0.5,
    3,
    19,
    5,
    22
  ],
  [
    152,
    84,
    74,
    0.75,
    3,
    17,
    3,
    20
  ],
  [
    152.75,
    86,
    75,
    0.25,
    3,
    19,
    5,
    22
  ],
  [
    152.75,
    90,
    77,
    0.25,
    2,
    19,
    9,
    22
  ],
  [
    153,
    81,
    72,
    0.25,
    4,
    19,
    0,
    22
  ],
  [
    153.25,
    79,
    71,
    0.25,
    4,
    17,
    10,
    20
  ],
  [
    153.5,
    76,
    69,
    0.5,
    5,
    19,
    7,
    22
  ],
  [
    154,
    79,
    71,
    0.25,
    4,
    17,
    10,
    20
  ],
  [
    154,
    84,
    74,
    0.25,
    3,
    17,
    3,
    20
  ],
  [
    154.25,
    81,
    72,
    0.5,
    4,
    19,
    0,
    22
  ],
  [
    154.75,
    81,
    72,
    0.25,
    4,
    19,
    0,
    22
  ],
  [
    154.75,
    84,
    74,
    0.25,
    3,
    17,
    3,
    20
  ],
  [
    155,
    81,
    72,
    0.25,
    4,
    19,
    0,
    22
  ],
  [
    155,
    84,
    74,
    0.25,
    3,
    17,
    3,
    20
  ],
  [
    155.25,
    81,
    72,
    0.25,
    4,
    19,
    0,
    22
  ],
  [
    155.25,
    84,
    74,
    0.25,
    3,
    17,
    3,
    20
  ],
  [
    155.5,
    79,
    71,
    0.25,
    4,
    17,
    10,
    20
  ],
  [
    155.5,
    84,
    74,
    0.25,
    3,
    17,
    3,
    20
  ],
  [
    155.75,
    81,
    72,
    0.25,
    4,
    19,
    0,
    22
  ],
  [
    156,
    79,
    71,
    0.25,
    4,
    17,
    10,
    20
  ],
  [
    156,
    84,
    74,
    0.25,
    3,
    17,
    3,
    20
  ],
  [
    156.25,
    81,
    72,
    0.5,
    4,
    19,
    0,
    22
  ],
  [
    156.75,
    88,
    76,
    0.25,
    2,
    17,
    7,
    20
  ],
  [
    157,
    91,
    78,
    0.25,
    2,
    20,
    10,
    23
  ],
  [
    157.25,
    88,
    76,
    0.25,
    2,
    17,
    7,
    20
  ],
  [
    157.5,
    86,
    75,
    0.5,
    3,
    19,
    5,
    22
  ],
  [
    158,
    91,
    78,
    0.25,
    2,
    20,
    10,
    23
  ],
  [
    158.25,
    88,
    76,
    0.25,
    2,
    17,
    7,
    20
  ],
  [
    158.5,
    86,
    75,
    0.5,
    3,
    19,
    5,
    22
  ],
  [
    159,
    91,
    78,
    1,
    2,
    20,
    10,
    23
  ],
  [
    161,
    93,
    79,
    0.25,
    1,
    17,
    0,
    20
  ],
  [
    161.25,
    91,
    78,
    0.25,
    2,
    20,
    10,
    23
  ],
  [
    161.5,
    88,
    76,
    0.25,
    2,
    17,
    7,
    20
  ],
  [
    161.75,
    91,
    78,
    0.25,
    2,
    20,
    10,
    23
  ],
  [
    162.25,
    93,
    79,
    0.25,
    1,
    17,
    0,
    20
  ],
  [
    162.5,
    91,
    78,
    0.25,
    2,
    20,
    10,
    23
  ],
  [
    162.75,
    88,
    76,
    0.25,
    2,
    17,
    7,
    20
  ],
  [
    163,
    91,
    78,
    0.75,
    2,
    20,
    10,
    23
  ],
  [
    163.75,
    93,
    79,
    0.25,
    1,
    17,
    0,
    20
  ],
  [
    164,
    91,
    78,
    0.25,
    2,
    20,
    10,
    23
  ],
  [
    164.25,
    88,
    76,
    0.25,
    2,
    17,
    7,
    20
  ],
  [
    164.5,
    91,
    78,
    0.5,
    2,
    20,
    10,
    23
  ],
  [
    165.25,
    93,
    79,
    0.25,
    1,
    17,
    0,
    20
  ],
  [
    165.5,
    91,
    78,
    0.25,
    2,
    20,
    10,
    23
  ],
  [
    165.75,
    88,
    76,
    0.25,
    2,
    17,
    7,
    20
  ],
  [
    166,
    86,
    75,
    0.25,
    3,
    19,
    5,
    22
  ],
  [
    166.5,
    84,
    74,
    0.25,
    3,
    17,
    3,
    20
  ],
  [
    166.75,
    81,
    72,
    0.25,
    4,
    19,
    0,
    22
  ],
  [
    167,
    81,
    72,
    0.5,
    4,
    19,
    0,
    22
  ],
  [
    167,
    86,
    75,
    0.5,
    3,
    19,
    5,
    22
  ],
  [
    167.5,
    84,
    74,
    0.5,
    3,
    17,
    3,
    20
  ],
  [
    168,
    81,
    72,
    0.25,
    4,
    19,
    0,
    22
  ],
  [
    168.25,
    79,
    71,
    0.25,
    4,
    17,
    10,
    20
  ],
  [
    168.5,
    81,
    72,
    0.5,
    4,
    19,
    0,
    22
  ],
  [
    169,
    84,
    74,
    0.25,
    3,
    17,
    3,
    20
  ],
  [
    169.25,
    85,
    74,
    0.25,
    3,
    18,
    4,
    21
  ],
  [
    169.5,
    88,
    76,
    0.25,
    2,
    17,
    7,
    20
  ],
  [
    169.75,
    93,
    79,
    0.25,
    1,
    17,
    0,
    20
  ],
  [
    170,
    91,
    78,
    0.25,
    2,
    20,
    10,
    23
  ],
  [
    170.25,
    88,
    76,
    0.25,
    2,
    17,
    7,
    20
  ],
  [
    170.5,
    86,
    75,
    0.25,
    3,
    19,
    5,
    22
  ],
  [
    170.75,
    88,
    76,
    0.25,
    2,
    17,
    7,
    20
  ],
  [
    171,
    84,
    74,
    0.25,
    3,
    17,
    3,
    20
  ],
  [
    171.25,
    86,
    75,
    0.25,
    3,
    19,
    5,
    22
  ],
  [
    171.5,
    84,
    74,
    0.5,
    3,
    17,
    3,
    20
  ],
  [
    172,
    81,
    72,
    0.5,
    4,
    19,
    0,
    22
  ],
  [
    172.5,
    95,
    80,
    0.5,
    1,
    19,
    2,
    22
  ],
  [
    173.5,
    95,
    80,
    0.5,
    1,
    19,
    2,
    22
  ],
  [
    174.5,
    93,
    79,
    0.5,
    1,
    17,
    0,
    20
  ],
  [
    175,
    95,
    80,
    0.5,
    1,
    19,
    2,
    22
  ],
  [
    175.5,
    90,
    77,
    0.5,
    2,
    19,
    9,
    22
  ],
  [
    176,
    93,
    79,
    1,
    1,
    17,
    0,
    20
  ],
  [
    177,
    90,
    77,
    0.25,
    2,
    19,
    9,
    22
  ],
  [
    177.25,
    93,
    79,
    0.25,
    1,
    17,
    0,
    20
  ],
  [
    177.5,
    93,
    79,
    0.5,
    1,
    17,
    0,
    20
  ],
  [
    178.5,
    90,
    77,
    0.5,
    2,
    19,
    9,
    22
  ],
  [
    179,
    95,
    80,
    1,
    1,
    19,
    2,
    22
  ],
  [
    180.5,
    88,
    76,
    0.5,
    2,
    17,
    7,
    20
  ],
  [
    181,
    96,
    81,
    1,
    1,
    20,
    3,
    23
  ],
  [
    182,
    96,
    81,
    0.5,
    1,
    20,
    3,
    23
  ],
  [
    182.5,
    93,
    79,
    0.16667,
    1,
    17,
    0,
    20
  ],
  [
    182.66667,
    96,
    81,
    0.16667,
    1,
    20,
    3,
    23
  ],
  [
    182.83333,
    93,
    79,
    0.16667,
    1,
    17,
    0,
    20
  ],
  [
    183,
    91,
    78,
    0.5,
    2,
    20,
    10,
    23
  ],
  [
    183.5,
    93,
    79,
    0.5,
    1,
    17,
    0,
    20
  ],
  [
    185,
    91,
    78,
    0.75,
    2,
    20,
    10,
    23
  ],
  [
    185.75,
    91,
    78,
    0.25,
    2,
    20,
    10,
    23
  ],
  [
    186,
    93,
    79,
    0.25,
    1,
    17,
    0,
    20
  ],
  [
    186.25,
    91,
    78,
    0.25,
    2,
    20,
    10,
    23
  ],
  [
    186.5,
    88,
    76,
    0.25,
    2,
    17,
    7,
    20
  ],
  [
    186.75,
    86,
    75,
    0.25,
    3,
    19,
    5,
    22
  ],
  [
    187.25,
    84,
    74,
    0.25,
    3,
    17,
    3,
    20
  ],
  [
    187.5,
    86,
    75,
    0.25,
    3,
    19,
    5,
    22
  ],
  [
    187.75,
    84,
    74,
    0.25,
    3,
    17,
    3,
    20
  ],
  [
    188,
    81,
    72,
    0.5,
    4,
    19,
    0,
    22
  ],
  [
    188.5,
    85,
    74,
    0.5,
    3,
    18,
    4,
    21
  ],
  [
    189,
    88,
    76,
    0.5,
    2,
    17,
    7,
    20
  ],
  [
    189.5,
    81,
    72,
    0.5,
    4,
    19,
    0,
    22
  ],
  [
    191.5,
    57,
    58,
    0.5,
    5,
    0,
    0,
    3
  ],
  [
    192,
    69,
    65,
    0.5,
    4,
    7,
    0,
    10
  ],
  [
    192.5,
    73,
    67,
    0.5,
    3,
    6,
    4,
    9
  ],
  [
    192.5,
    76,
    69,
    0.5,
    2,
    5,
    7,
    8
  ],
  [
    193,
    76,
    69,
    0.5,
    2,
    5,
    7,
    8
  ],
  [
    193.5,
    64,
    62,
    0.5,
    5,
    7,
    7,
    10
  ],
  [
    195,
    57,
    58,
    1,
    5,
    0,
    0,
    3
  ]
]