[
  [
    0.5,
    84,
    74,
    1,
    3,
    17,
    5,
    19
  ],
  [
    0.5,
    89,
    77,
    1,
    2,
    18,
    10,
    20
  ],
  [
    1.5,
    84,
    74,
    1,
    3,
    17,
    5,
    19
  ],
  [
    1.5,
    89,
    77,
    1,
    2,
    18,
    10,
    20
  ],
  [
    2.5,
    84,
    74,
    0.5,
    3,
    17,
    5,
    19
  ],
  [
    3,
    82,
    73,
    0.25,
    3,
    15,
    3,
    17
  ],
  [
    3.25,
    79,
    71,
    0.75,
    4,
    17,
    0,
    19
  ],
  [
    4,
    63,
    62,
    1,
    5,
    6,
    8,
    8
  ],
  [
    5,
    63,
    62,
    1,
    5,
    6,
    8,
    8
  ],
  [
    5,
    70,
    66,
    1,
    4,
    8,
    3,
    10
  ],
  [
    5,
    74,
    68,
    1,
    3,
    7,
    7,
    9
  ],
  [
    5,
    77,
    70,
    1,
    2,
    6,
    10,
    8
  ],
  [
    6,
    62,
    61,
    1,
    5,
    5,
    7,
    7
  ],
  [
    7,
    62,
    61,
    1,
    5,
    5,
    7,
    7
  ],
  [
    7,
    69,
    65,
    1,
    4,
    7,
    2,
    9
  ],
  [
    7,
    72,
    67,
    1,
    3,
    5,
    5,
    7
  ],
  [
    7,
    77,
    70,
    1,
    2,
    6,
    10,
    8
  ],
  [
    8.5,
    72,
    67,
    0.5,
    3,
    5,
    5,
    7
  ],
  [
    9,
    72,
    67,
    1,
    3,
    5,
    5,
    7
  ],
  [
    10,
    70,
    66,
    0.25,
    3,
    3,
    3,
    5
  ],
  [
    10.25,
    67,
    64,
    0.5,
    4,
    5,
    0,
    7
  ],
  [
    10.75,
    65,
    63,
    0.25,
    4,
    3,
    10,
    5
  ],
  [
    11,
    62,
    61,
    0.5,
    5,
    5,
    7,
    7
  ],
  [
    11.5,
    60,
    60,
    0.5,
    5,
    3,
    5,
    5
  ],
  [
    12,
    63,
    62,
    1,
    5,
    6,
    8,
    8
  ],
  [
    13,
    63,
    62,
    1,
    5,
    6,
    8,
    8
  ],
  [
    13,
    70,
    66,
    1,
    4,
    8,
    3,
    10
  ],
  [
    13,
    74,
    68,
    1,
    3,
    7,
    7,
    9
  ],
  [
    13,
    77,
    70,
    1,
    2,
    6,
    10,
    8
  ],
  [
    14,
    62,
    61,
    1,
    5,
    5,
    7,
    7
  ],
  [
    15,
    62,
    61,
    1,
    5,
    5,
    7,
    7
  ],
  [
    15,
    69,
    65,
    1,
    4,
    7,
    2,
    9
  ],
  [
    15,
    72,
    67,
    1,
    3,
    5,
    5,
    7
  ],
  [
    15,
    77,
    70,
    1,
    2,
    6,
    10,
    8
  ],
  [
    16.5,
    72,
    67,
    0.5,
    3,
    5,
    5,
    7
  ],
  [
    16.5,
    77,
    70,
    0.5,
    2,
    6,
    10,
    8
  ],
  [
    17.25,
    77,
    70,
    0.5,
    2,
    6,
    10,
    8
  ],
  [
    17.25,
    82,
    73,
    0.5,
    1,
    6,
    3,
    8
  ],
  [
    17.75,
    77,
    70,
    0.25,
    2,
    6,
    10,
    8
  ],
  [
    17.75,
    82,
    73,
    0.25,
    1,
    6,
    3,
    8
  ],
  [
    18,
    72,
    67,
    0.75,
    3,
    5,
    5,
    7
  ],
  [
    18,
    77,
    70,
    0.75,
    2,
    6,
    10,
    8
  ],
  [
    18.75,
    77,
    70,
    0.25,
    2,
    6,
    10,
    8
  ],
  [
    18.75,
    82,
    73,
    0.25,
    1,
    6,
    3,
    8
  ],
  [
    19,
    72,
    67,
    0.5,
    3,
    5,
    5,
    7
  ],
  [
    19,
    77,
    70,
    0.5,
    2,
    6,
    10,
    8
  ],
  [
    19.5,
    72,
    67,
    0.5,
    3,
    5,
    5,
    7
  ],
  [
    20,
    63,
    62,
    1,
    5,
    6,
    8,
    8
  ],
  [
    21,
    63,
    62,
    1,
    5,
    6,
    8,
    8
  ],
  [
    21,
    70,
    66,
    1,
    4,
    8,
    3,
    10
  ],
  [
    21,
    74,
    68,
    1,
    3,
    7,
    7,
    9
  ],
  [
    21,
    77,
    70,
    1,
    2,
    6,
    10,
    8
  ],
  [
    22,
    62,
    61,
    1,
    5,
    5,
    7,
    7
  ],
  [
    23,
    62,
    61,
    0.25,
    5,
    5,
    7,
    7
  ],
  [
    23,
    69,
    65,
    0.25,
    4,
    7,
    2,
    9
  ],
  [
    23,
    72,
    67,
    0.25,
    3,
    5,
    5,
    7
  ],
  [
    23,
    77,
    70,
    0.25,
    2,
    6,
    10,
    8
  ],
  [
    23,
    81,
    72,
    0.25,
    1,
    5,
    2,
    7
  ],
  [
    23.25,
    62,
    61,
    0.25,
    5,
    5,
    7,
    7
  ],
  [
    23.25,
    69,
    65,
    0.25,
    4,
    7,
    2,
    9
  ],
  [
    23.25,
    72,
    67,
    0.25,
    3,
    5,
    5,
    7
  ],
  [
    23.25,
    77,
    70,
    0.25,
    2,
    6,
    10,
    8
  ],
  [
    23.25,
    81,
    72,
    0.25,
    1,
    5,
    2,
    7
  ],
  [
    24.25,
    60,
    60,
    0.25,
    5,
    3,
    5,
    5
  ],
  [
    24.5,
    62,
    61,
    0.5,
    5,
    5,
    7,
    7
  ],
  [
    25.25,
    65,
    63,
    0.5,
    4,
    3,
    10,
    5
  ],
  [
    25.75,
    62,
    61,
    0.25,
    4,
    0,
    7,
    2
  ],
  [
    26,
    67,
    64,
    0.25,
    4,
    5,
    0,
    7
  ],
  [
    26.25,
    65,
    63,
    0.25,
    4,
    3,
    10,
    5
  ],
  [
    26.5,
    62,
    61,
    0.5,
    5,
    5,
    7,
    7
  ],
  [
    27,
    60,
    60,
    0.25,
    5,
    3,
    5,
    5
  ],
  [
    27.25,
    58,
    59,
    0.25,
    5,
    1,
    3,
    3
  ],
  [
    27.5,
    55,
    57,
    0.5,
    6,
    3,
    0,
    5
  ],
  [
    28,
    63,
    62,
    1,
    5,
    6,
    8,
    8
  ],
  [
    29,
    63,
    62,
    1,
    5,
    6,
    8,
    8
  ],
  [
    29,
    70,
    66,
    1,
    4,
    8,
    3,
    10
  ],
  [
    29,
    74,
    68,
    1,
    3,
    7,
    7,
    9
  ],
  [
    29,
    77,
    70,
    1,
    2,
    6,
    10,
    8
  ],
  [
    30,
    62,
    61,
    1,
    5,
    5,
    7,
    7
  ],
  [
    31,
    62,
    61,
    0.25,
    5,
    5,
    7,
    7
  ],
  [
    31,
    69,
    65,
    0.25,
    4,
    7,
    2,
    9
  ],
  [
    31,
    72,
    67,
    0.25,
    3,
    5,
    5,
    7
  ],
  [
    31,
    77,
    70,
    0.25,
    2,
    6,
    10,
    8
  ],
  [
    31,
    81,
    72,
    0.25,
    1,
    5,
    2,
    7
  ],
  [
    31.25,
    62,
    61,
    0.25,
    5,
    5,
    7,
    7
  ],
  [
    31.25,
    69,
    65,
    0.25,
    4,
    7,
    2,
    9
  ],
  [
    31.25,
    72,
    67,
    0.25,
    3,
    5,
    5,
    7
  ],
  [
    31.25,
    77,
    70,
    0.25,
    2,
    6,
    10,
    8
  ],
  [
    31.25,
    81,
    72,
    0.25,
    1,
    5,
    2,
    7
  ],
  [
    32.5,
    69,
    65,
    0.125,
    3,
    2,
    2,
    4
  ],
  [
    32.5,
    73,
    68,
    0.125,
    2,
    2,
    6,
    4
  ],
  [
    32.5,
    78,
    71,
    0.125,
    1,
    2,
    11,
    4
  ],
  [
    32.625,
    70,
    66,
    0.375,
    3,
    3,
    3,
    5
  ],
  [
    32.625,
    74,
    68,
    0.375,
    2,
    3,
    7,
    5
  ],
  [
    32.625,
    79,
    71,
    0.375,
    1,
    3,
    0,
    5
  ],
  [
    33.25,
    70,
    66,
    0.25,
    3,
    3,
    3,
    5
  ],
  [
    33.25,
    74,
    68,
    0.25,
    2,
    3,
    7,
    5
  ],
  [
    33.25,
    79,
    71,
    0.25,
    1,
    3,
    0,
    5
  ],
  [
    33.5,
    67,
    64,
    0.25,
    3,
    0,
    0,
    2
  ],
  [
    33.5,
    71,
    66,
    0.25,
    2,
    0,
    4,
    2
  ],
  [
    33.5,
    76,
    69,
    0.25,
    1,
    0,
    9,
    2
  ],
  [
    33.75,
    67,
    64,
    0.25,
    3,
    0,
    0,
    2
  ],
  [
    33.75,
    71,
    66,
    0.25,
    2,
    0,
    4,
    2
  ],
  [
    33.75,
    76,
    69,
    0.25,
    1,
    0,
    9,
    2
  ],
  [
    34,
    70,
    66,
    0.25,
    3,
    3,
    3,
    5
  ],
  [
    34,
    74,
    68,
    0.25,
    2,
    3,
    7,
    5
  ],
  [
    34,
    79,
    71,
    0.25,
    1,
    3,
    0,
    5
  ],
  [
    34.25,
    67,
    64,
    0.25,
    3,
    0,
    0,
    2
  ],
  [
    34.25,
    71,
    66,
    0.25,
    2,
    0,
    4,
    2
  ],
  [
    34.25,
    76,
    69,
    0.25,
    1,
    0,
    9,
    2
  ],
  [
    34.5,
    70,
    66,
    0.25,
    3,
    3,
    3,
    5
  ],
  [
    34.5,
    74,
    68,
    0.25,
    2,
    3,
    7,
    5
  ],
  [
    34.5,
    79,
    71,
    0.25,
    1,
    3,
    0,
    5
  ],
  [
    34.75,
    70,
    66,
    0.25,
    3,
    3,
    3,
    5
  ],
  [
    34.75,
    74,
    68,
    0.25,
    2,
    3,
    7,
    5
  ],
  [
    34.75,
    79,
    71,
    0.25,
    1,
    3,
    0,
    5
  ],
  [
    35,
    67,
    64,
    0.25,
    3,
    0,
    0,
    2
  ],
  [
    35,
    71,
    66,
    0.25,
    2,
    0,
    4,
    2
  ],
  [
    35,
    76,
    69,
    0.25,
    1,
    0,
    9,
    2
  ],
  [
    35.25,
    67,
    64,
    0.25,
    3,
    0,
    0,
    2
  ],
  [
    35.25,
    71,
    66,
    0.25,
    2,
    0,
    4,
    2
  ],
  [
    35.25,
    76,
    69,
    0.25,
    1,
    0,
    9,
    2
  ],
  [
    35.5,
    70,
    66,
    0.5,
    3,
    3,
    3,
    5
  ],
  [
    35.5,
    74,
    68,
    0.5,
    2,
    3,
    7,
    5
  ],
  [
    35.5,
    79,
    71,
    0.5,
    1,
    3,
    0,
    5
  ],
  [
    36,
    66,
    64,
    0.09375,
    4,
    4,
    11,
    6
  ],
  [
    36.09375,
    67,
    64,
    0.75,
    4,
    5,
    0,
    7
  ],
  [
    36.84375,
    65,
    63,
    0.25,
    4,
    3,
    10,
    5
  ],
  [
    37.59375,
    61,
    61,
    0.0625,
    5,
    4,
    6,
    6
  ],
  [
    37.65625,
    62,
    61,
    0.5,
    5,
    5,
    7,
    7
  ],
  [
    38.40625,
    60,
    60,
    0.75,
    5,
    3,
    5,
    5
  ],
  [
    39.15625,
    58,
    59,
    0.5,
    5,
    1,
    3,
    3
  ],
  [
    39.65625,
    61,
    61,
    0.0625,
    5,
    4,
    6,
    6
  ],
  [
    39.96875,
    60,
    60,
    0.75,
    5,
    3,
    5,
    5
  ],
  [
    40.71875,
    58,
    59,
    0.25,
    5,
    1,
    3,
    3
  ],
  [
    41.46875,
    55,
    57,
    0.5,
    6,
    3,
    0,
    5
  ]
]