[
  [
    0,
    98,
    82,
    0.25,
    1,
    22,
    5,
    10
  ],
  [
    0.25,
    93,
    79,
    0.25,
    2,
    22,
    0,
    10
  ],
  [
    0.5,
    98,
    82,
    0.25,
    1,
    22,
    5,
    10
  ],
  [
    0.75,
    93,
    79,
    0.25,
    2,
    22,
    0,
    10
  ],
  [
    1,
    98,
    82,
    0.25,
    1,
    22,
    5,
    10
  ],
  [
    1.25,
    93,
    79,
    0.25,
    2,
    22,
    0,
    10
  ],
  [
    1.5,
    98,
    82,
    0.5,
    1,
    22,
    5,
    10
  ],
  [
    2,
    98,
    82,
    0.66667,
    1,
    22,
    5,
    10
  ],
  [
    2.66667,
    100,
    83,
    0.66667,
    1,
    24,
    7,
    12
  ],
  [
    3.33333,
    89,
    77,
    0.66667,
    1,
    13,
    8,
    1
  ],
  [
    4,
    100,
    83,
    0.5,
    1,
    24,
    7,
    12
  ],
  [
    4.5,
    100,
    83,
    0.5,
    1,
    24,
    7,
    12
  ],
  [
    5,
    96,
    81,
    0.5,
    1,
    20,
    3,
    8
  ],
  [
    5.5,
    98,
    82,
    0.5,
    1,
    22,
    5,
    10
  ],
  [
    6.5,
    98,
    82,
    0.5,
    1,
    22,
    5,
    10
  ],
  [
    7.25,
    98,
    82,
    0.25,
    1,
    22,
    5,
    10
  ],
  [
    7.5,
    96,
    81,
    0.25,
    1,
    20,
    3,
    8
  ],
  [
    7.75,
    93,
    79,
    0.1875,
    2,
    22,
    0,
    10
  ],
  [
    7.9375,
    96,
    81,
    0.0625,
    1,
    20,
    3,
    8
  ],
  [
    8,
    98,
    82,
    1,
    1,
    22,
    5,
    10
  ],
  [
    9,
    93,
    79,
    0.5,
    2,
    22,
    0,
    10
  ],
  [
    9.5,
    93,
    79,
    0.5,
    2,
    22,
    0,
    10
  ],
  [
    10.5,
    91,
    78,
    1,
    2,
    20,
    10,
    8
  ],
  [
    11.5,
    93,
    79,
    0.5,
    2,
    22,
    0,
    10
  ],
  [
    12.375,
    91,
    78,
    0.125,
    2,
    20,
    10,
    8
  ],
  [
    12.5,
    93,
    79,
    1,
    2,
    22,
    0,
    10
  ],
  [
    13.5,
    86,
    75,
    0.5,
    2,
    15,
    5,
    3
  ],
  [
    15,
    89,
    77,
    1,
    1,
    13,
    8,
    1
  ],
  [
    16,
    98,
    82,
    1,
    1,
    22,
    5,
    10
  ],
  [
    17,
    98,
    82,
    0.5,
    1,
    22,
    5,
    10
  ],
  [
    17.5,
    96,
    81,
    0.5,
    1,
    20,
    3,
    8
  ],
  [
    18,
    98,
    82,
    0.5,
    1,
    22,
    5,
    10
  ],
  [
    18.5,
    98,
    82,
    0.5,
    1,
    22,
    5,
    10
  ],
  [
    19,
    98,
    82,
    0.5,
    1,
    22,
    5,
    10
  ],
  [
    19.5,
    96,
    81,
    0.5,
    1,
    20,
    3,
    8
  ],
  [
    20.5,
    100,
    83,
    0.5,
    1,
    24,
    7,
    12
  ],
  [
    21.5,
    98,
    82,
    0.5,
    1,
    22,
    5,
    10
  ],
  [
    23,
    98,
    82,
    0.5,
    1,
    22,
    5,
    10
  ],
  [
    23.5,
    93,
    79,
    0.5,
    1,
    17,
    0,
    5
  ],
  [
    24,
    93,
    79,
    1,
    1,
    17,
    0,
    5
  ],
  [
    25,
    93,
    79,
    0.5,
    1,
    17,
    0,
    5
  ],
  [
    25.5,
    91,
    78,
    0.5,
    1,
    15,
    10,
    3
  ],
  [
    26,
    93,
    79,
    1,
    1,
    17,
    0,
    5
  ],
  [
    27,
    93,
    79,
    0.5,
    1,
    17,
    0,
    5
  ],
  [
    27.5,
    91,
    78,
    0.5,
    1,
    15,
    10,
    3
  ],
  [
    28.5,
    93,
    79,
    0.5,
    1,
    17,
    0,
    5
  ],
  [
    29.5,
    93,
    79,
    0.5,
    1,
    17,
    0,
    5
  ],
  [
    30,
    98,
    82,
    1,
    1,
    22,
    5,
    10
  ],
  [
    32,
    96,
    81,
    1,
    1,
    20,
    3,
    8
  ],
  [
    33,
    91,
    78,
    1,
    2,
    20,
    10,
    8
  ],
  [
    34,
    98,
    82,
    1,
    1,
    22,
    5,
    10
  ],
  [
    35,
    96,
    81,
    0.5,
    1,
    20,
    3,
    8
  ],
  [
    35.5,
    93,
    79,
    0.5,
    2,
    22,
    0,
    10
  ],
  [
    36,
    100,
    83,
    1,
    1,
    24,
    7,
    12
  ],
  [
    37,
    89,
    77,
    0.5,
    1,
    13,
    8,
    1
  ],
  [
    37.5,
    100,
    83,
    0.5,
    1,
    24,
    7,
    12
  ],
  [
    38,
    98,
    82,
    1,
    1,
    22,
    5,
    10
  ],
  [
    39,
    98,
    82,
    0.25,
    1,
    22,
    5,
    10
  ],
  [
    39.25,
    96,
    81,
    0.25,
    1,
    20,
    3,
    8
  ],
  [
    39.5,
    93,
    79,
    0.5,
    2,
    22,
    0,
    10
  ],
  [
    40,
    98,
    82,
    1.5,
    1,
    22,
    5,
    10
  ],
  [
    41.5,
    93,
    79,
    0.375,
    2,
    22,
    0,
    10
  ],
  [
    41.875,
    98,
    82,
    0.125,
    1,
    22,
    5,
    10
  ],
  [
    42,
    100,
    83,
    2,
    1,
    24,
    7,
    12
  ],
  [
    44,
    96,
    81,
    1,
    1,
    20,
    3,
    8
  ],
  [
    45.5,
    96,
    81,
    0.5,
    1,
    20,
    3,
    8
  ],
  [
    46,
    98,
    82,
    1,
    1,
    22,
    5,
    10
  ],
  [
    47,
    98,
    82,
    0.33333,
    1,
    22,
    5,
    10
  ],
  [
    47.33333,
    96,
    81,
    0.33333,
    1,
    20,
    3,
    8
  ],
  [
    47.66667,
    93,
    79,
    0.33333,
    2,
    22,
    0,
    10
  ],
  [
    48,
    98,
    82,
    1.5,
    1,
    22,
    5,
    10
  ],
  [
    49.5,
    93,
    79,
    0.25,
    2,
    22,
    0,
    10
  ],
  [
    49.75,
    89,
    77,
    0.25,
    2,
    18,
    8,
    6
  ],
  [
    50,
    93,
    79,
    1,
    2,
    22,
    0,
    10
  ],
  [
    51.33333,
    91,
    78,
    0.33333,
    2,
    20,
    10,
    8
  ],
  [
    51.66667,
    89,
    77,
    0.33333,
    2,
    18,
    8,
    6
  ],
  [
    52,
    91,
    78,
    1,
    2,
    20,
    10,
    8
  ],
  [
    53.5,
    93,
    79,
    0.5,
    2,
    22,
    0,
    10
  ],
  [
    54,
    98,
    82,
    1,
    1,
    22,
    5,
    10
  ],
  [
    55.33333,
    96,
    81,
    0.33333,
    1,
    20,
    3,
    8
  ],
  [
    55.66667,
    89,
    77,
    0.33333,
    2,
    18,
    8,
    6
  ],
  [
    56,
    98,
    82,
    1,
    1,
    22,
    5,
    10
  ],
  [
    57.33333,
    96,
    81,
    0.33333,
    1,
    20,
    3,
    8
  ],
  [
    57.66667,
    93,
    79,
    0.33333,
    2,
    22,
    0,
    10
  ],
  [
    58,
    98,
    82,
    1.5,
    1,
    22,
    5,
    10
  ],
  [
    59.5,
    100,
    83,
    0.5,
    1,
    24,
    7,
    12
  ],
  [
    60,
    98,
    82,
    1,
    1,
    22,
    5,
    10
  ],
  [
    61.5,
    100,
    83,
    0.25,
    1,
    24,
    7,
    12
  ],
  [
    61.75,
    98,
    82,
    0.25,
    1,
    22,
    5,
    10
  ],
  [
    63,
    98,
    82,
    0.25,
    1,
    22,
    5,
    10
  ],
  [
    63.25,
    96,
    81,
    0.25,
    1,
    20,
    3,
    8
  ],
  [
    63.5,
    93,
    79,
    0.5,
    2,
    22,
    0,
    10
  ],
  [
    64,
    98,
    82,
    0.66667,
    1,
    22,
    5,
    10
  ],
  [
    64.66667,
    100,
    83,
    0.66667,
    1,
    24,
    7,
    12
  ],
  [
    65.33333,
    89,
    77,
    0.66667,
    1,
    13,
    8,
    1
  ],
  [
    66,
    100,
    83,
    0.5,
    1,
    24,
    7,
    12
  ],
  [
    66.5,
    98,
    82,
    0.5,
    1,
    22,
    5,
    10
  ],
  [
    67,
    96,
    81,
    1,
    1,
    20,
    3,
    8
  ],
  [
    68.5,
    100,
    83,
    0.5,
    1,
    24,
    7,
    12
  ],
  [
    69,
    96,
    81,
    0.5,
    1,
    20,
    3,
    8
  ],
  [
    69.5,
    98,
    82,
    1.5,
    1,
    22,
    5,
    10
  ],
  [
    71,
    98,
    82,
    0.25,
    1,
    22,
    5,
    10
  ],
  [
    71.25,
    96,
    81,
    0.25,
    1,
    20,
    3,
    8
  ],
  [
    71.5,
    93,
    79,
    0.5,
    2,
    22,
    0,
    10
  ],
  [
    72,
    98,
    82,
    0.25,
    1,
    22,
    5,
    10
  ],
  [
    72.25,
    93,
    79,
    0.25,
    2,
    22,
    0,
    10
  ],
  [
    72.5,
    98,
    82,
    0.25,
    1,
    22,
    5,
    10
  ],
  [
    72.75,
    93,
    79,
    0.25,
    2,
    22,
    0,
    10
  ],
  [
    73,
    98,
    82,
    0.25,
    1,
    22,
    5,
    10
  ],
  [
    73.25,
    93,
    79,
    0.25,
    2,
    22,
    0,
    10
  ],
  [
    73.5,
    98,
    82,
    0.25,
    1,
    22,
    5,
    10
  ],
  [
    73.75,
    93,
    79,
    0.25,
    2,
    22,
    0,
    10
  ],
  [
    74,
    98,
    82,
    0.25,
    1,
    22,
    5,
    10
  ],
  [
    74.25,
    93,
    79,
    0.25,
    2,
    22,
    0,
    10
  ],
  [
    74.5,
    98,
    82,
    0.25,
    1,
    22,
    5,
    10
  ],
  [
    74.75,
    93,
    79,
    0.25,
    2,
    22,
    0,
    10
  ],
  [
    75,
    98,
    82,
    0.25,
    1,
    22,
    5,
    10
  ],
  [
    75.25,
    93,
    79,
    0.25,
    2,
    22,
    0,
    10
  ],
  [
    75.5,
    93,
    79,
    0.5,
    1,
    17,
    0,
    5
  ],
  [
    76,
    93,
    79,
    0.75,
    1,
    17,
    0,
    5
  ],
  [
    76.75,
    93,
    79,
    0.25,
    1,
    17,
    0,
    5
  ],
  [
    77,
    93,
    79,
    0.5,
    1,
    17,
    0,
    5
  ],
  [
    77.5,
    93,
    79,
    0.5,
    1,
    17,
    0,
    5
  ],
  [
    78,
    93,
    79,
    0.5,
    1,
    17,
    0,
    5
  ],
  [
    78.5,
    93,
    79,
    0.5,
    1,
    17,
    0,
    5
  ],
  [
    79,
    93,
    79,
    0.5,
    1,
    17,
    0,
    5
  ],
  [
    79.5,
    93,
    79,
    0.25,
    1,
    17,
    0,
    5
  ],
  [
    79.75,
    84,
    74,
    0.25,
    3,
    17,
    3,
    5
  ],
  [
    80,
    93,
    79,
    1.5,
    1,
    17,
    0,
    5
  ],
  [
    81.5,
    93,
    79,
    0.25,
    1,
    17,
    0,
    5
  ],
  [
    81.75,
    91,
    78,
    0.25,
    1,
    15,
    10,
    3
  ],
  [
    82,
    91,
    78,
    0.66667,
    1,
    15,
    10,
    3
  ],
  [
    82.66667,
    91,
    78,
    0.66667,
    1,
    15,
    10,
    3
  ],
  [
    83.33333,
    93,
    79,
    0.66667,
    1,
    17,
    0,
    5
  ],
  [
    84,
    96,
    81,
    1.5,
    1,
    20,
    3,
    8
  ],
  [
    85.5,
    93,
    79,
    0.5,
    1,
    17,
    0,
    5
  ],
  [
    86,
    93,
    79,
    1,
    1,
    17,
    0,
    5
  ],
  [
    87,
    96,
    81,
    1,
    1,
    20,
    3,
    8
  ],
  [
    88,
    96,
    81,
    1,
    1,
    20,
    3,
    8
  ],
  [
    89,
    91,
    78,
    0.5,
    2,
    20,
    10,
    8
  ],
  [
    89.5,
    93,
    79,
    0.5,
    2,
    22,
    0,
    10
  ],
  [
    90,
    98,
    82,
    1,
    1,
    22,
    5,
    10
  ],
  [
    91,
    93,
    79,
    1,
    2,
    22,
    0,
    10
  ],
  [
    93,
    84,
    74,
    3,
    2,
    13,
    3,
    1
  ]
]