[
  [
    0,
    77,
    70,
    0.5,
    2,
    6,
    3,
    13
  ],
  [
    0,
    81,
    72,
    0.5,
    1,
    5,
    7,
    12
  ],
  [
    0.5,
    77,
    70,
    0.5,
    2,
    6,
    3,
    13
  ],
  [
    0.5,
    81,
    72,
    0.5,
    1,
    5,
    7,
    12
  ],
  [
    1,
    77,
    70,
    0.5,
    2,
    6,
    3,
    13
  ],
  [
    1,
    81,
    72,
    0.5,
    1,
    5,
    7,
    12
  ],
  [
    1.5,
    74,
    68,
    0.5,
    3,
    7,
    0,
    14
  ],
  [
    2,
    77,
    70,
    1,
    2,
    6,
    3,
    13
  ],
  [
    2,
    81,
    72,
    1,
    1,
    5,
    7,
    12
  ],
  [
    3,
    74,
    68,
    0.33333,
    3,
    7,
    0,
    14
  ],
  [
    3.33333,
    72,
    67,
    0.33333,
    3,
    5,
    10,
    12
  ],
  [
    3.66667,
    69,
    65,
    0.33333,
    4,
    7,
    7,
    14
  ],
  [
    4,
    68,
    65,
    0.33333,
    4,
    6,
    6,
    13
  ],
  [
    4.33333,
    67,
    64,
    0.33333,
    4,
    5,
    5,
    12
  ],
  [
    4.66667,
    65,
    63,
    0.33333,
    4,
    3,
    3,
    10
  ],
  [
    5,
    67,
    64,
    0.33333,
    4,
    5,
    5,
    12
  ],
  [
    5.33333,
    65,
    63,
    0.33333,
    4,
    3,
    3,
    10
  ],
  [
    5.66667,
    62,
    61,
    0.33333,
    5,
    5,
    0,
    12
  ],
  [
    6.5,
    65,
    63,
    0.5,
    4,
    3,
    3,
    10
  ],
  [
    8,
    81,
    72,
    0.33333,
    3,
    14,
    7,
    21
  ],
  [
    8,
    84,
    74,
    0.33333,
    2,
    13,
    10,
    20
  ],
  [
    8.33333,
    81,
    72,
    0.33333,
    3,
    14,
    7,
    21
  ],
  [
    8.33333,
    84,
    74,
    0.33333,
    2,
    13,
    10,
    20
  ],
  [
    8.66667,
    81,
    72,
    0.33333,
    3,
    14,
    7,
    21
  ],
  [
    8.66667,
    84,
    74,
    0.33333,
    2,
    13,
    10,
    20
  ],
  [
    9,
    81,
    72,
    0.33333,
    3,
    14,
    7,
    21
  ],
  [
    9,
    84,
    74,
    0.33333,
    2,
    13,
    10,
    20
  ],
  [
    9.33333,
    81,
    72,
    0.33333,
    3,
    14,
    7,
    21
  ],
  [
    9.33333,
    84,
    74,
    0.33333,
    2,
    13,
    10,
    20
  ],
  [
    9.66667,
    81,
    72,
    0.33333,
    3,
    14,
    7,
    21
  ],
  [
    9.66667,
    84,
    74,
    0.33333,
    2,
    13,
    10,
    20
  ],
  [
    10,
    81,
    72,
    0.33333,
    3,
    14,
    7,
    21
  ],
  [
    10,
    84,
    74,
    0.33333,
    2,
    13,
    10,
    20
  ],
  [
    10.33333,
    81,
    72,
    0.33333,
    3,
    14,
    7,
    21
  ],
  [
    10.33333,
    84,
    74,
    0.33333,
    2,
    13,
    10,
    20
  ],
  [
    10.66667,
    81,
    72,
    0.33333,
    3,
    14,
    7,
    21
  ],
  [
    10.66667,
    84,
    74,
    0.33333,
    2,
    13,
    10,
    20
  ],
  [
    11,
    81,
    72,
    0.33333,
    3,
    14,
    7,
    21
  ],
  [
    11,
    84,
    74,
    0.33333,
    2,
    13,
    10,
    20
  ],
  [
    11.33333,
    81,
    72,
    0.33333,
    3,
    14,
    7,
    21
  ],
  [
    11.33333,
    84,
    74,
    0.33333,
    2,
    13,
    10,
    20
  ],
  [
    11.66667,
    81,
    72,
    0.33333,
    3,
    14,
    7,
    21
  ],
  [
    11.66667,
    84,
    74,
    0.33333,
    2,
    13,
    10,
    20
  ],
  [
    12,
    81,
    72,
    0.33333,
    3,
    14,
    7,
    21
  ],
  [
    12,
    84,
    74,
    0.33333,
    2,
    13,
    10,
    20
  ],
  [
    12.33333,
    81,
    72,
    0.33333,
    3,
    14,
    7,
    21
  ],
  [
    12.33333,
    84,
    74,
    0.33333,
    2,
    13,
    10,
    20
  ],
  [
    12.66667,
    81,
    72,
    0.33333,
    3,
    14,
    7,
    21
  ],
  [
    12.66667,
    84,
    74,
    0.33333,
    2,
    13,
    10,
    20
  ],
  [
    13,
    81,
    72,
    0.33333,
    3,
    14,
    7,
    21
  ],
  [
    13,
    84,
    74,
    0.33333,
    2,
    13,
    10,
    20
  ],
  [
    13.33333,
    81,
    72,
    0.33333,
    3,
    14,
    7,
    21
  ],
  [
    13.33333,
    84,
    74,
    0.33333,
    2,
    13,
    10,
    20
  ],
  [
    13.66667,
    81,
    72,
    0.33333,
    3,
    14,
    7,
    21
  ],
  [
    13.66667,
    84,
    74,
    0.33333,
    2,
    13,
    10,
    20
  ],
  [
    14.33333,
    84,
    74,
    0.33333,
    2,
    13,
    10,
    20
  ],
  [
    14.66667,
    86,
    75,
    0.33333,
    2,
    15,
    0,
    22
  ],
  [
    15,
    81,
    72,
    0.5,
    3,
    14,
    7,
    21
  ],
  [
    15.5,
    79,
    71,
    0.5,
    3,
    12,
    5,
    19
  ],
  [
    16,
    77,
    70,
    0.33333,
    3,
    10,
    3,
    17
  ],
  [
    16.33333,
    74,
    68,
    0.33333,
    4,
    12,
    0,
    19
  ],
  [
    16.66667,
    77,
    70,
    0.33333,
    3,
    10,
    3,
    17
  ],
  [
    17,
    79,
    71,
    0.33333,
    3,
    12,
    5,
    19
  ],
  [
    17.33333,
    81,
    72,
    0.33333,
    2,
    10,
    7,
    17
  ],
  [
    17.66667,
    84,
    74,
    0.33333,
    2,
    13,
    10,
    20
  ],
  [
    18,
    86,
    75,
    0.33333,
    1,
    10,
    0,
    17
  ],
  [
    18.33333,
    88,
    76,
    0.33333,
    1,
    12,
    2,
    19
  ],
  [
    18.66667,
    86,
    75,
    0.11042,
    1,
    10,
    0,
    17
  ],
  [
    18.77708,
    88,
    76,
    0.11042,
    1,
    12,
    2,
    19
  ],
  [
    18.8875,
    86,
    75,
    0.11042,
    1,
    10,
    0,
    17
  ],
  [
    18.99792,
    84,
    74,
    0.33333,
    2,
    13,
    10,
    20
  ],
  [
    19.33125,
    86,
    75,
    0.33333,
    1,
    10,
    0,
    17
  ],
  [
    19.66458,
    84,
    74,
    0.33333,
    2,
    13,
    10,
    20
  ],
  [
    19.99792,
    81,
    72,
    0.33333,
    2,
    10,
    7,
    17
  ],
  [
    20.66458,
    81,
    72,
    0.33333,
    2,
    10,
    7,
    17
  ],
  [
    20.99792,
    81,
    72,
    0.33333,
    2,
    10,
    7,
    17
  ],
  [
    21.66458,
    81,
    72,
    0.33333,
    2,
    10,
    7,
    17
  ],
  [
    22.33125,
    82,
    73,
    0.33333,
    2,
    11,
    8,
    18
  ],
  [
    22.99792,
    81,
    72,
    0.5,
    2,
    10,
    7,
    17
  ],
  [
    23.49792,
    79,
    71,
    0.5,
    3,
    12,
    5,
    19
  ],
  [
    23.99792,
    77,
    70,
    0.33333,
    3,
    10,
    3,
    17
  ],
  [
    24.66458,
    76,
    69,
    0.33333,
    3,
    9,
    2,
    16
  ],
  [
    25.33125,
    74,
    68,
    0.33333,
    3,
    7,
    0,
    14
  ],
  [
    25.66458,
    76,
    69,
    0.33333,
    3,
    9,
    2,
    16
  ],
  [
    25.99792,
    74,
    68,
    1,
    3,
    7,
    0,
    14
  ],
  [
    26.99792,
    72,
    67,
    0.33333,
    3,
    5,
    10,
    12
  ],
  [
    27.33125,
    69,
    65,
    0.33333,
    4,
    7,
    7,
    14
  ],
  [
    27.66458,
    74,
    68,
    0.33333,
    3,
    7,
    0,
    14
  ],
  [
    27.99792,
    76,
    69,
    0.33333,
    2,
    5,
    2,
    12
  ],
  [
    28.33125,
    77,
    70,
    0.33333,
    2,
    6,
    3,
    13
  ],
  [
    28.66458,
    76,
    69,
    0.11042,
    2,
    5,
    2,
    12
  ],
  [
    28.775,
    77,
    70,
    0.11042,
    2,
    6,
    3,
    13
  ],
  [
    28.88542,
    76,
    69,
    0.11042,
    2,
    5,
    2,
    12
  ],
  [
    28.99583,
    74,
    68,
    0.33333,
    3,
    7,
    0,
    14
  ],
  [
    29.32917,
    72,
    67,
    0.33333,
    3,
    5,
    10,
    12
  ],
  [
    29.6625,
    69,
    65,
    0.33333,
    4,
    7,
    7,
    14
  ],
  [
    29.99583,
    68,
    65,
    0.33333,
    4,
    6,
    6,
    13
  ],
  [
    30.32917,
    67,
    64,
    0.33333,
    4,
    5,
    5,
    12
  ],
  [
    30.6625,
    65,
    63,
    0.33333,
    4,
    3,
    3,
    10
  ],
  [
    30.99583,
    67,
    64,
    0.33333,
    4,
    5,
    5,
    12
  ],
  [
    31.32917,
    65,
    63,
    0.33333,
    4,
    3,
    3,
    10
  ],
  [
    31.6625,
    62,
    61,
    0.33333,
    5,
    5,
    0,
    12
  ],
  [
    32.99583,
    89,
    77,
    0.5,
    1,
    13,
    3,
    20
  ],
  [
    33.49583,
    86,
    75,
    0.5,
    1,
    10,
    0,
    17
  ],
  [
    35.32917,
    84,
    74,
    0.33333,
    2,
    13,
    10,
    20
  ],
  [
    35.6625,
    86,
    75,
    0.33333,
    1,
    10,
    0,
    17
  ],
  [
    35.99583,
    88,
    76,
    0.5,
    1,
    12,
    2,
    19
  ],
  [
    36.49583,
    88,
    76,
    0.5,
    1,
    12,
    2,
    19
  ],
  [
    36.99583,
    86,
    75,
    0.5,
    1,
    10,
    0,
    17
  ],
  [
    37.49583,
    84,
    74,
    0.5,
    2,
    13,
    10,
    20
  ],
  [
    38.32917,
    81,
    72,
    0.33333,
    2,
    10,
    7,
    17
  ],
  [
    38.6625,
    80,
    72,
    0.33333,
    3,
    13,
    6,
    20
  ],
  [
    38.99583,
    81,
    72,
    1,
    2,
    10,
    7,
    17
  ],
  [
    40.32917,
    86,
    75,
    0.33333,
    1,
    10,
    0,
    17
  ],
  [
    40.6625,
    81,
    72,
    0.33333,
    2,
    10,
    7,
    17
  ],
  [
    40.99583,
    89,
    77,
    0.5,
    1,
    13,
    3,
    20
  ],
  [
    41.49583,
    86,
    75,
    0.5,
    1,
    10,
    0,
    17
  ],
  [
    43.32917,
    84,
    74,
    0.33333,
    2,
    13,
    10,
    20
  ],
  [
    44.32917,
    91,
    78,
    0.33333,
    1,
    15,
    5,
    22
  ],
  [
    44.6625,
    89,
    77,
    0.33333,
    1,
    13,
    3,
    20
  ],
  [
    44.99583,
    91,
    78,
    0.33333,
    1,
    15,
    5,
    22
  ],
  [
    45.6625,
    91,
    78,
    0.33333,
    1,
    15,
    5,
    22
  ],
  [
    45.99583,
    89,
    77,
    1,
    1,
    13,
    3,
    20
  ],
  [
    47.32917,
    81,
    72,
    0.33333,
    3,
    14,
    7,
    21
  ],
  [
    47.6625,
    86,
    75,
    0.33333,
    2,
    15,
    0,
    22
  ],
  [
    47.99583,
    88,
    76,
    0.33333,
    1,
    12,
    2,
    19
  ],
  [
    48.32917,
    89,
    77,
    0.33333,
    1,
    13,
    3,
    20
  ],
  [
    48.6625,
    91,
    78,
    0.33333,
    1,
    15,
    5,
    22
  ],
  [
    49.32917,
    89,
    77,
    0.33333,
    1,
    13,
    3,
    20
  ],
  [
    49.6625,
    91,
    78,
    0.33333,
    1,
    15,
    5,
    22
  ],
  [
    49.99583,
    92,
    79,
    0.5,
    1,
    16,
    6,
    23
  ],
  [
    50.99583,
    88,
    76,
    0.33333,
    1,
    12,
    2,
    19
  ],
  [
    51.32917,
    89,
    77,
    0.33333,
    1,
    13,
    3,
    20
  ],
  [
    51.6625,
    88,
    76,
    0.33333,
    1,
    12,
    2,
    19
  ],
  [
    51.99583,
    86,
    75,
    0.33333,
    2,
    15,
    0,
    22
  ],
  [
    52.32917,
    84,
    74,
    0.33333,
    2,
    13,
    10,
    20
  ],
  [
    52.6625,
    71,
    66,
    0.33333,
    2,
    0,
    9,
    7
  ],
  [
    52.99583,
    79,
    71,
    0.5,
    3,
    12,
    5,
    19
  ],
  [
    53.49583,
    77,
    70,
    0.5,
    3,
    10,
    3,
    17
  ],
  [
    53.99583,
    84,
    74,
    0.33333,
    2,
    13,
    10,
    20
  ],
  [
    54.32917,
    79,
    71,
    0.33333,
    3,
    12,
    5,
    19
  ],
  [
    54.6625,
    81,
    72,
    0.33333,
    2,
    10,
    7,
    17
  ],
  [
    54.99583,
    79,
    71,
    0.33333,
    3,
    12,
    5,
    19
  ],
  [
    55.32917,
    77,
    70,
    0.33333,
    3,
    10,
    3,
    17
  ],
  [
    55.6625,
    74,
    68,
    0.33333,
    4,
    12,
    0,
    19
  ],
  [
    55.99583,
    77,
    70,
    0.33333,
    3,
    10,
    3,
    17
  ],
  [
    55.99583,
    81,
    72,
    0.33333,
    2,
    10,
    7,
    17
  ],
  [
    55.99583,
    86,
    75,
    0.33333,
    1,
    10,
    0,
    17
  ],
  [
    56.6625,
    76,
    69,
    0.33333,
    3,
    9,
    2,
    16
  ],
  [
    56.6625,
    81,
    72,
    0.33333,
    2,
    10,
    7,
    17
  ],
  [
    57.32917,
    76,
    69,
    0.33333,
    3,
    9,
    2,
    16
  ],
  [
    57.32917,
    81,
    72,
    0.33333,
    2,
    10,
    7,
    17
  ],
  [
    57.6625,
    74,
    68,
    0.33333,
    3,
    7,
    0,
    14
  ],
  [
    57.99583,
    76,
    69,
    1,
    3,
    9,
    2,
    16
  ],
  [
    57.99583,
    81,
    72,
    1,
    2,
    10,
    7,
    17
  ],
  [
    58.99583,
    76,
    69,
    0.33333,
    3,
    9,
    2,
    16
  ],
  [
    58.99583,
    81,
    72,
    0.33333,
    2,
    10,
    7,
    17
  ],
  [
    59.32917,
    77,
    70,
    0.33333,
    3,
    10,
    3,
    17
  ],
  [
    59.6625,
    74,
    68,
    0.33333,
    3,
    7,
    0,
    14
  ],
  [
    60.32917,
    72,
    67,
    0.33333,
    3,
    5,
    10,
    12
  ],
  [
    60.6625,
    69,
    65,
    0.33333,
    4,
    7,
    7,
    14
  ],
  [
    60.99583,
    68,
    65,
    0.5,
    4,
    6,
    6,
    13
  ],
  [
    61.49583,
    67,
    64,
    0.5,
    4,
    5,
    5,
    12
  ],
  [
    61.99583,
    65,
    63,
    0.5,
    4,
    3,
    3,
    10
  ]
]