[
  [
    0,
    81,
    72,
    0.25,
    2,
    10,
    2,
    15
  ],
  [
    0.25,
    83,
    73,
    0.75,
    2,
    12,
    4,
    17
  ],
  [
    1,
    83,
    73,
    0.5,
    2,
    12,
    4,
    17
  ],
  [
    1.5,
    81,
    72,
    0.5,
    2,
    10,
    2,
    15
  ],
  [
    2,
    81,
    72,
    1,
    2,
    10,
    2,
    15
  ],
  [
    3.5,
    79,
    71,
    0.5,
    2,
    8,
    0,
    13
  ],
  [
    6,
    76,
    69,
    0.75,
    2,
    5,
    9,
    10
  ],
  [
    6.75,
    81,
    72,
    0.25,
    1,
    5,
    2,
    10
  ],
  [
    7,
    76,
    69,
    0.25,
    2,
    5,
    9,
    10
  ],
  [
    7.25,
    74,
    68,
    0.25,
    2,
    3,
    7,
    8
  ],
  [
    7.5,
    71,
    66,
    0.5,
    3,
    4,
    4,
    9
  ],
  [
    8,
    67,
    64,
    1,
    4,
    5,
    0,
    10
  ],
  [
    9,
    88,
    76,
    0.25,
    1,
    12,
    9,
    17
  ],
  [
    9.25,
    86,
    75,
    0.25,
    1,
    10,
    7,
    15
  ],
  [
    9.5,
    82,
    72,
    0.25,
    2,
    11,
    3,
    16
  ],
  [
    9.75,
    83,
    73,
    0.25,
    2,
    12,
    4,
    17
  ],
  [
    10,
    79,
    71,
    1,
    3,
    12,
    0,
    17
  ],
  [
    11.75,
    81,
    72,
    0.25,
    1,
    5,
    2,
    10
  ],
  [
    12,
    76,
    69,
    1.5,
    2,
    5,
    9,
    10
  ],
  [
    13.5,
    76,
    69,
    0.25,
    2,
    5,
    9,
    10
  ],
  [
    13.75,
    76,
    69,
    0.25,
    2,
    5,
    9,
    10
  ],
  [
    14,
    76,
    69,
    0.25,
    2,
    5,
    9,
    10
  ],
  [
    14.25,
    77,
    70,
    0.75,
    2,
    6,
    10,
    11
  ],
  [
    15.66667,
    77,
    70,
    0.33333,
    2,
    6,
    10,
    11
  ],
  [
    16,
    75,
    68,
    0.25,
    2,
    4,
    8,
    9
  ],
  [
    16.25,
    76,
    69,
    0.5,
    2,
    5,
    9,
    10
  ],
  [
    16.75,
    72,
    67,
    0.25,
    3,
    5,
    5,
    10
  ],
  [
    17,
    67,
    64,
    2,
    4,
    5,
    0,
    10
  ],
  [
    19,
    74,
    68,
    0.25,
    2,
    3,
    7,
    8
  ],
  [
    19.25,
    76,
    69,
    0.5,
    2,
    5,
    9,
    10
  ],
  [
    19.75,
    81,
    72,
    0.25,
    1,
    5,
    2,
    10
  ],
  [
    20,
    76,
    69,
    0.25,
    2,
    5,
    9,
    10
  ],
  [
    20.25,
    78,
    70,
    0.5,
    2,
    7,
    11,
    12
  ],
  [
    20.75,
    74,
    68,
    0.25,
    3,
    7,
    7,
    12
  ],
  [
    21,
    69,
    65,
    1,
    4,
    7,
    2,
    12
  ],
  [
    23,
    71,
    66,
    0.25,
    3,
    4,
    4,
    9
  ],
  [
    23.25,
    69,
    65,
    0.25,
    3,
    2,
    2,
    7
  ],
  [
    23.5,
    67,
    64,
    0.5,
    3,
    0,
    0,
    5
  ],
  [
    24,
    81,
    72,
    1,
    1,
    5,
    2,
    10
  ],
  [
    25.25,
    59,
    59,
    0.75,
    5,
    2,
    4,
    7
  ],
  [
    25.25,
    64,
    62,
    0.75,
    4,
    2,
    9,
    7
  ],
  [
    25.25,
    69,
    65,
    0.75,
    3,
    2,
    2,
    7
  ],
  [
    26,
    62,
    61,
    1,
    5,
    5,
    7,
    10
  ],
  [
    26,
    67,
    64,
    1,
    4,
    5,
    0,
    10
  ],
  [
    26,
    72,
    67,
    1,
    3,
    5,
    5,
    10
  ],
  [
    27.25,
    62,
    61,
    0.75,
    5,
    5,
    7,
    10
  ],
  [
    27.25,
    67,
    64,
    0.75,
    4,
    5,
    0,
    10
  ],
  [
    27.25,
    72,
    67,
    0.75,
    3,
    5,
    5,
    10
  ],
  [
    27.25,
    76,
    69,
    0.75,
    2,
    5,
    9,
    10
  ],
  [
    28,
    64,
    62,
    1,
    5,
    7,
    9,
    12
  ],
  [
    28,
    69,
    65,
    1,
    4,
    7,
    2,
    12
  ],
  [
    28,
    74,
    68,
    1,
    3,
    7,
    7,
    12
  ],
  [
    28,
    78,
    70,
    1,
    2,
    7,
    11,
    12
  ],
  [
    29.5,
    74,
    68,
    0.25,
    3,
    7,
    7,
    12
  ],
  [
    29.75,
    73,
    67,
    0.25,
    3,
    6,
    6,
    11
  ],
  [
    30,
    72,
    67,
    1,
    3,
    5,
    5,
    10
  ],
  [
    31,
    70,
    65,
    0.25,
    3,
    3,
    3,
    8
  ],
  [
    31.25,
    69,
    65,
    0.25,
    3,
    2,
    2,
    7
  ],
  [
    31.5,
    67,
    64,
    0.5,
    3,
    0,
    0,
    5
  ],
  [
    32,
    81,
    72,
    0.75,
    1,
    5,
    2,
    10
  ],
  [
    32.75,
    76,
    69,
    0.25,
    1,
    0,
    9,
    5
  ],
  [
    38,
    74,
    68,
    0.25,
    2,
    3,
    7,
    8
  ],
  [
    38.25,
    76,
    69,
    0.75,
    2,
    5,
    9,
    10
  ],
  [
    39,
    76,
    69,
    0.25,
    2,
    5,
    9,
    10
  ],
  [
    39.25,
    74,
    68,
    0.25,
    2,
    3,
    7,
    8
  ],
  [
    39.5,
    71,
    66,
    0.5,
    2,
    0,
    4,
    5
  ],
  [
    40,
    81,
    72,
    3,
    1,
    5,
    2,
    10
  ],
  [
    45.25,
    71,
    66,
    0.25,
    3,
    4,
    4,
    9
  ],
  [
    45.5,
    69,
    65,
    0.25,
    3,
    2,
    2,
    7
  ],
  [
    45.75,
    67,
    64,
    0.25,
    3,
    0,
    0,
    5
  ],
  [
    46,
    69,
    65,
    0.25,
    3,
    2,
    2,
    7
  ],
  [
    46.25,
    71,
    66,
    0.75,
    3,
    4,
    4,
    9
  ],
  [
    48,
    67,
    64,
    2,
    4,
    5,
    0,
    10
  ],
  [
    48,
    72,
    67,
    2,
    3,
    5,
    5,
    10
  ],
  [
    48,
    76,
    69,
    2,
    2,
    5,
    9,
    10
  ],
  [
    50,
    66,
    63,
    0.25,
    4,
    4,
    11,
    9
  ],
  [
    50.25,
    67,
    64,
    0.25,
    4,
    5,
    0,
    10
  ],
  [
    50.5,
    72,
    67,
    0.5,
    2,
    1,
    5,
    6
  ],
  [
    51.5,
    67,
    64,
    0.25,
    4,
    5,
    0,
    10
  ],
  [
    51.75,
    69,
    65,
    0.25,
    4,
    7,
    2,
    12
  ],
  [
    52,
    74,
    68,
    3,
    3,
    7,
    7,
    12
  ],
  [
    52,
    78,
    70,
    3,
    2,
    7,
    11,
    12
  ],
  [
    55.5,
    54,
    56,
    0.25,
    6,
    2,
    11,
    7
  ],
  [
    55.75,
    56,
    57,
    0.25,
    6,
    4,
    1,
    9
  ],
  [
    56,
    57,
    58,
    1.5,
    5,
    0,
    2,
    5
  ],
  [
    57.5,
    64,
    62,
    0.25,
    4,
    2,
    9,
    7
  ],
  [
    57.75,
    67,
    64,
    0.25,
    4,
    5,
    0,
    10
  ],
  [
    58,
    72,
    67,
    1.5,
    3,
    5,
    5,
    10
  ],
  [
    58,
    76,
    69,
    1.5,
    2,
    5,
    9,
    10
  ],
  [
    59.5,
    67,
    64,
    0.25,
    4,
    5,
    0,
    10
  ],
  [
    59.75,
    69,
    65,
    0.25,
    4,
    7,
    2,
    12
  ],
  [
    60,
    74,
    68,
    1.5,
    3,
    7,
    7,
    12
  ],
  [
    60,
    78,
    70,
    1.5,
    2,
    7,
    11,
    12
  ],
  [
    61.5,
    74,
    68,
    0.25,
    3,
    7,
    7,
    12
  ],
  [
    61.75,
    73,
    67,
    0.25,
    3,
    6,
    6,
    11
  ],
  [
    62,
    72,
    67,
    1,
    3,
    5,
    5,
    10
  ],
  [
    63,
    69,
    65,
    0.125,
    3,
    2,
    2,
    7
  ],
  [
    63.125,
    71,
    66,
    0.125,
    3,
    4,
    4,
    9
  ],
  [
    63.25,
    69,
    65,
    0.25,
    3,
    2,
    2,
    7
  ],
  [
    63.5,
    67,
    64,
    0.5,
    3,
    0,
    0,
    5
  ],
  [
    64,
    81,
    72,
    1,
    1,
    5,
    2,
    10
  ],
  [
    69,
    74,
    68,
    0.25,
    2,
    3,
    7,
    8
  ],
  [
    69.25,
    76,
    69,
    0.5,
    2,
    5,
    9,
    10
  ],
  [
    69.75,
    81,
    72,
    0.25,
    1,
    5,
    2,
    10
  ],
  [
    70,
    76,
    69,
    0.75,
    2,
    5,
    9,
    10
  ],
  [
    71,
    70,
    65,
    0.125,
    3,
    3,
    3,
    8
  ],
  [
    71.125,
    71,
    66,
    0.125,
    3,
    4,
    4,
    9
  ],
  [
    71.25,
    69,
    65,
    0.25,
    3,
    2,
    2,
    7
  ],
  [
    71.5,
    67,
    64,
    0.5,
    3,
    0,
    0,
    5
  ],
  [
    72,
    67,
    64,
    4,
    3,
    0,
    0,
    5
  ],
  [
    77,
    70,
    65,
    0.16667,
    3,
    3,
    3,
    8
  ],
  [
    77.16667,
    69,
    65,
    0.33333,
    3,
    2,
    2,
    7
  ],
  [
    77.5,
    67,
    64,
    0.5,
    3,
    0,
    0,
    5
  ],
  [
    78,
    69,
    65,
    0.25,
    3,
    2,
    2,
    7
  ],
  [
    78.25,
    71,
    66,
    0.75,
    3,
    4,
    4,
    9
  ],
  [
    80,
    67,
    64,
    2,
    4,
    5,
    0,
    10
  ],
  [
    80,
    72,
    67,
    2,
    3,
    5,
    5,
    10
  ],
  [
    80,
    76,
    69,
    2,
    2,
    5,
    9,
    10
  ],
  [
    82,
    67,
    64,
    0.5,
    4,
    5,
    0,
    10
  ],
  [
    82.5,
    72,
    67,
    0.25,
    3,
    5,
    5,
    10
  ],
  [
    82.75,
    67,
    64,
    0.25,
    4,
    5,
    0,
    10
  ],
  [
    83,
    72,
    67,
    0.5,
    3,
    5,
    5,
    10
  ],
  [
    83.5,
    67,
    64,
    0.25,
    4,
    5,
    0,
    10
  ],
  [
    83.75,
    69,
    65,
    0.25,
    4,
    7,
    2,
    12
  ],
  [
    84,
    74,
    68,
    3,
    3,
    7,
    7,
    12
  ],
  [
    84,
    78,
    70,
    3,
    2,
    7,
    11,
    12
  ],
  [
    89.5,
    65,
    63,
    0.25,
    4,
    3,
    10,
    8
  ],
  [
    89.75,
    67,
    64,
    0.25,
    4,
    5,
    0,
    10
  ],
  [
    90,
    67,
    64,
    1,
    4,
    5,
    0,
    10
  ],
  [
    90,
    72,
    67,
    1,
    3,
    5,
    5,
    10
  ],
  [
    90,
    76,
    69,
    1,
    2,
    5,
    9,
    10
  ],
  [
    91,
    72,
    67,
    0.5,
    3,
    5,
    5,
    10
  ],
  [
    91.5,
    71,
    66,
    0.16667,
    3,
    4,
    4,
    9
  ],
  [
    91.66667,
    69,
    65,
    0.16667,
    3,
    2,
    2,
    7
  ],
  [
    91.83333,
    67,
    64,
    0.16667,
    3,
    0,
    0,
    5
  ],
  [
    92,
    81,
    72,
    1,
    1,
    5,
    2,
    10
  ],
  [
    93,
    81,
    72,
    0.5,
    1,
    5,
    2,
    10
  ],
  [
    93.5,
    80,
    71,
    0.5,
    1,
    4,
    1,
    9
  ],
  [
    94,
    79,
    71,
    1,
    1,
    3,
    0,
    8
  ],
  [
    95,
    79,
    71,
    0.5,
    1,
    3,
    0,
    8
  ],
  [
    95.5,
    64,
    62,
    0.25,
    4,
    2,
    9,
    7
  ],
  [
    95.5,
    69,
    65,
    0.25,
    3,
    2,
    2,
    7
  ],
  [
    95.75,
    67,
    64,
    0.25,
    4,
    5,
    0,
    10
  ],
  [
    95.75,
    72,
    67,
    0.25,
    3,
    5,
    5,
    10
  ],
  [
    96,
    67,
    64,
    4,
    4,
    5,
    0,
    10
  ],
  [
    96,
    72,
    67,
    4,
    3,
    5,
    5,
    10
  ],
  [
    96,
    76,
    69,
    4,
    2,
    5,
    9,
    10
  ],
  [
    100,
    66,
    63,
    2,
    4,
    4,
    11,
    9
  ],
  [
    100,
    71,
    66,
    2,
    3,
    4,
    4,
    9
  ],
  [
    100,
    75,
    68,
    2,
    2,
    4,
    8,
    9
  ],
  [
    104,
    76,
    69,
    4,
    2,
    5,
    9,
    10
  ],
  [
    109.5,
    64,
    62,
    0.25,
    4,
    2,
    9,
    7
  ],
  [
    109.75,
    67,
    64,
    0.25,
    4,
    5,
    0,
    10
  ],
  [
    109.75,
    72,
    67,
    0.25,
    3,
    5,
    5,
    10
  ],
  [
    110,
    67,
    64,
    1,
    4,
    5,
    0,
    10
  ],
  [
    110,
    72,
    67,
    1,
    3,
    5,
    5,
    10
  ],
  [
    111,
    66,
    63,
    0.75,
    4,
    4,
    11,
    9
  ],
  [
    111,
    71,
    66,
    0.75,
    3,
    4,
    4,
    9
  ],
  [
    111.75,
    64,
    62,
    0.25,
    4,
    2,
    9,
    7
  ],
  [
    111.75,
    69,
    65,
    0.25,
    3,
    2,
    2,
    7
  ],
  [
    112,
    64,
    62,
    4,
    4,
    2,
    9,
    7
  ],
  [
    112,
    69,
    65,
    4,
    3,
    2,
    2,
    7
  ],
  [
    112,
    73,
    67,
    4,
    2,
    2,
    6,
    7
  ],
  [
    120,
    67,
    64,
    4,
    4,
    5,
    0,
    10
  ],
  [
    120,
    72,
    67,
    4,
    3,
    5,
    5,
    10
  ],
  [
    120,
    76,
    69,
    4,
    2,
    5,
    9,
    10
  ],
  [
    124,
    69,
    65,
    1.5,
    4,
    7,
    2,
    12
  ],
  [
    124,
    74,
    68,
    1.5,
    3,
    7,
    7,
    12
  ],
  [
    124,
    78,
    70,
    1.5,
    2,
    7,
    11,
    12
  ],
  [
    125.5,
    74,
    68,
    0.25,
    3,
    7,
    7,
    12
  ],
  [
    125.75,
    73,
    67,
    0.25,
    3,
    6,
    6,
    11
  ],
  [
    126,
    72,
    67,
    0.75,
    3,
    5,
    5,
    10
  ],
  [
    126,
    76,
    69,
    0.75,
    2,
    5,
    9,
    10
  ],
  [
    127,
    69,
    65,
    0.125,
    3,
    2,
    2,
    7
  ],
  [
    127.125,
    70,
    65,
    0.125,
    3,
    3,
    3,
    8
  ],
  [
    127.25,
    69,
    65,
    0.25,
    3,
    2,
    2,
    7
  ],
  [
    127.5,
    67,
    64,
    0.5,
    3,
    0,
    0,
    5
  ],
  [
    128,
    81,
    72,
    2,
    1,
    5,
    2,
    10
  ],
  [
    133,
    74,
    68,
    0.25,
    2,
    3,
    7,
    8
  ],
  [
    133.25,
    76,
    69,
    0.75,
    2,
    5,
    9,
    10
  ],
  [
    134,
    74,
    68,
    0.25,
    2,
    3,
    7,
    8
  ],
  [
    134.25,
    76,
    69,
    0.75,
    2,
    5,
    9,
    10
  ],
  [
    135,
    69,
    65,
    0.125,
    3,
    2,
    2,
    7
  ],
  [
    135.125,
    71,
    66,
    0.125,
    3,
    4,
    4,
    9
  ],
  [
    135.25,
    69,
    65,
    0.25,
    3,
    2,
    2,
    7
  ],
  [
    135.5,
    67,
    64,
    0.5,
    3,
    0,
    0,
    5
  ],
  [
    136,
    67,
    64,
    2,
    3,
    0,
    0,
    5
  ],
  [
    142.5,
    79,
    71,
    0.16667,
    1,
    3,
    0,
    8
  ],
  [
    142.66667,
    81,
    72,
    0.33333,
    1,
    5,
    2,
    10
  ],
  [
    146,
    67,
    64,
    0.5,
    4,
    5,
    0,
    10
  ],
  [
    146.5,
    72,
    67,
    0.25,
    3,
    5,
    5,
    10
  ],
  [
    146.75,
    67,
    64,
    0.25,
    4,
    5,
    0,
    10
  ],
  [
    147,
    72,
    67,
    0.5,
    3,
    5,
    5,
    10
  ],
  [
    147.5,
    67,
    64,
    0.25,
    4,
    5,
    0,
    10
  ],
  [
    147.75,
    69,
    65,
    0.25,
    4,
    7,
    2,
    12
  ],
  [
    148,
    74,
    68,
    4,
    3,
    7,
    7,
    12
  ],
  [
    148,
    78,
    70,
    4,
    2,
    7,
    11,
    12
  ],
  [
    153.5,
    64,
    62,
    0.25,
    4,
    2,
    9,
    7
  ],
  [
    153.75,
    67,
    64,
    0.25,
    4,
    5,
    0,
    10
  ],
  [
    154,
    67,
    64,
    1.5,
    4,
    5,
    0,
    10
  ],
  [
    154,
    72,
    67,
    1.5,
    3,
    5,
    5,
    10
  ],
  [
    154,
    76,
    69,
    1.5,
    2,
    5,
    9,
    10
  ],
  [
    155.5,
    67,
    64,
    0.25,
    4,
    5,
    0,
    10
  ],
  [
    155.5,
    72,
    67,
    0.25,
    3,
    5,
    5,
    10
  ],
  [
    155.5,
    76,
    69,
    0.25,
    2,
    5,
    9,
    10
  ],
  [
    155.75,
    69,
    65,
    0.25,
    4,
    7,
    2,
    12
  ],
  [
    155.75,
    74,
    68,
    0.25,
    3,
    7,
    7,
    12
  ],
  [
    155.75,
    78,
    70,
    0.25,
    2,
    7,
    11,
    12
  ],
  [
    156,
    69,
    65,
    1.5,
    4,
    7,
    2,
    12
  ],
  [
    156,
    74,
    68,
    1.5,
    3,
    7,
    7,
    12
  ],
  [
    156,
    78,
    70,
    1.5,
    2,
    7,
    11,
    12
  ],
  [
    157.5,
    74,
    68,
    0.25,
    3,
    7,
    7,
    12
  ],
  [
    157.75,
    73,
    67,
    0.25,
    3,
    6,
    6,
    11
  ],
  [
    158,
    72,
    67,
    1,
    3,
    5,
    5,
    10
  ],
  [
    160,
    83,
    73,
    0.25,
    1,
    7,
    4,
    12
  ],
  [
    160.25,
    85,
    74,
    0.75,
    1,
    9,
    6,
    14
  ],
  [
    161.5,
    85,
    74,
    0.25,
    1,
    9,
    6,
    14
  ],
  [
    161.75,
    85,
    74,
    0.25,
    1,
    9,
    6,
    14
  ],
  [
    162,
    85,
    74,
    0.25,
    1,
    9,
    6,
    14
  ],
  [
    162.25,
    88,
    76,
    0.5,
    1,
    12,
    9,
    17
  ],
  [
    162.75,
    88,
    76,
    0.25,
    1,
    12,
    9,
    17
  ],
  [
    163.5,
    88,
    76,
    0.25,
    1,
    12,
    9,
    17
  ],
  [
    163.75,
    87,
    75,
    0.25,
    1,
    11,
    8,
    16
  ],
  [
    164,
    79,
    71,
    2,
    3,
    12,
    0,
    17
  ],
  [
    166.5,
    74,
    68,
    0.25,
    2,
    3,
    7,
    8
  ],
  [
    166.75,
    76,
    69,
    0.25,
    2,
    5,
    9,
    10
  ],
  [
    167,
    81,
    72,
    0.5,
    1,
    5,
    2,
    10
  ],
  [
    167.5,
    83,
    73,
    0.5,
    1,
    7,
    4,
    12
  ],
  [
    168,
    83,
    73,
    0.25,
    1,
    7,
    4,
    12
  ],
  [
    168.25,
    85,
    74,
    0.75,
    1,
    9,
    6,
    14
  ],
  [
    169.5,
    85,
    74,
    0.25,
    1,
    9,
    6,
    14
  ],
  [
    169.75,
    85,
    74,
    0.25,
    1,
    9,
    6,
    14
  ],
  [
    170,
    90,
    77,
    0.5,
    1,
    14,
    11,
    19
  ],
  [
    170.5,
    88,
    76,
    0.5,
    1,
    12,
    9,
    17
  ],
  [
    171.75,
    88,
    76,
    0.25,
    1,
    12,
    9,
    17
  ],
  [
    172,
    82,
    72,
    0.25,
    2,
    11,
    3,
    16
  ],
  [
    172.25,
    83,
    73,
    0.75,
    2,
    12,
    4,
    17
  ],
  [
    173.5,
    83,
    73,
    0.25,
    2,
    12,
    4,
    17
  ],
  [
    173.75,
    82,
    72,
    0.25,
    2,
    11,
    3,
    16
  ],
  [
    174,
    81,
    72,
    0.75,
    2,
    10,
    2,
    15
  ],
  [
    174.75,
    62,
    61,
    0.125,
    4,
    0,
    7,
    5
  ],
  [
    174.875,
    67,
    64,
    0.125,
    3,
    0,
    0,
    5
  ],
  [
    175.25,
    69,
    65,
    0.25,
    3,
    2,
    2,
    7
  ],
  [
    175.25,
    73,
    67,
    0.25,
    2,
    2,
    6,
    7
  ],
  [
    175.5,
    70,
    65,
    0.25,
    3,
    3,
    3,
    8
  ],
  [
    175.5,
    74,
    68,
    0.25,
    2,
    3,
    7,
    8
  ],
  [
    175.75,
    71,
    66,
    0.25,
    3,
    4,
    4,
    9
  ],
  [
    175.75,
    75,
    68,
    0.25,
    2,
    4,
    8,
    9
  ],
  [
    176,
    72,
    67,
    0.25,
    3,
    5,
    5,
    10
  ],
  [
    176,
    76,
    69,
    0.25,
    2,
    5,
    9,
    10
  ],
  [
    176.25,
    81,
    72,
    0.25,
    1,
    5,
    2,
    10
  ],
  [
    176.5,
    72,
    67,
    0.25,
    3,
    5,
    5,
    10
  ],
  [
    176.5,
    76,
    69,
    0.25,
    2,
    5,
    9,
    10
  ],
  [
    176.75,
    71,
    66,
    0.25,
    3,
    4,
    4,
    9
  ],
  [
    176.75,
    75,
    68,
    0.25,
    2,
    4,
    8,
    9
  ],
  [
    177,
    72,
    67,
    2,
    3,
    5,
    5,
    10
  ],
  [
    177,
    76,
    69,
    2,
    2,
    5,
    9,
    10
  ],
  [
    179.25,
    76,
    69,
    0.25,
    2,
    5,
    9,
    10
  ],
  [
    179.5,
    77,
    70,
    0.25,
    2,
    6,
    10,
    11
  ],
  [
    179.75,
    77,
    70,
    0.25,
    2,
    6,
    10,
    11
  ],
  [
    180,
    78,
    70,
    0.25,
    2,
    7,
    11,
    12
  ],
  [
    180.25,
    83,
    73,
    0.25,
    1,
    7,
    4,
    12
  ],
  [
    180.5,
    78,
    70,
    0.25,
    2,
    7,
    11,
    12
  ],
  [
    180.75,
    77,
    70,
    0.25,
    2,
    6,
    10,
    11
  ],
  [
    181,
    74,
    68,
    1,
    3,
    7,
    7,
    12
  ],
  [
    182.25,
    70,
    65,
    0.25,
    3,
    3,
    3,
    8
  ],
  [
    182.25,
    74,
    68,
    0.25,
    2,
    3,
    7,
    8
  ],
  [
    182.5,
    69,
    65,
    0.25,
    3,
    2,
    2,
    7
  ],
  [
    182.5,
    73,
    67,
    0.25,
    2,
    2,
    6,
    7
  ],
  [
    182.75,
    67,
    64,
    0.25,
    3,
    0,
    0,
    5
  ],
  [
    182.75,
    71,
    66,
    0.25,
    2,
    0,
    4,
    5
  ],
  [
    183,
    69,
    65,
    0.25,
    3,
    2,
    2,
    7
  ],
  [
    183.25,
    67,
    64,
    0.25,
    3,
    0,
    0,
    5
  ],
  [
    183.5,
    62,
    61,
    0.5,
    4,
    0,
    7,
    5
  ],
  [
    184,
    67,
    64,
    0.5,
    3,
    0,
    0,
    5
  ],
  [
    184.5,
    81,
    72,
    0.5,
    1,
    5,
    2,
    10
  ],
  [
    185.25,
    74,
    68,
    0.25,
    2,
    3,
    7,
    8
  ],
  [
    185.5,
    79,
    71,
    0.25,
    1,
    3,
    0,
    8
  ],
  [
    185.75,
    79,
    71,
    0.25,
    1,
    3,
    0,
    8
  ],
  [
    186,
    74,
    68,
    0.25,
    2,
    3,
    7,
    8
  ],
  [
    186.25,
    73,
    67,
    0.25,
    2,
    2,
    6,
    7
  ],
  [
    186.5,
    70,
    65,
    0.25,
    3,
    3,
    3,
    8
  ],
  [
    186.75,
    71,
    66,
    0.25,
    3,
    4,
    4,
    9
  ],
  [
    187,
    71,
    66,
    0.25,
    2,
    0,
    4,
    5
  ],
  [
    187.25,
    57,
    58,
    0.25,
    5,
    0,
    2,
    5
  ],
  [
    187.5,
    61,
    60,
    0.25,
    5,
    4,
    6,
    9
  ],
  [
    187.75,
    57,
    58,
    0.25,
    5,
    0,
    2,
    5
  ],
  [
    187.75,
    62,
    61,
    0.25,
    4,
    0,
    7,
    5
  ],
  [
    188,
    67,
    64,
    0.5,
    4,
    5,
    0,
    10
  ],
  [
    188.5,
    65,
    63,
    0.25,
    4,
    3,
    10,
    8
  ],
  [
    188.75,
    62,
    61,
    0.25,
    4,
    0,
    7,
    5
  ],
  [
    189,
    65,
    63,
    0.25,
    4,
    3,
    10,
    8
  ],
  [
    189.25,
    62,
    61,
    0.25,
    4,
    0,
    7,
    5
  ],
  [
    189.5,
    60,
    60,
    0.125,
    5,
    3,
    5,
    8
  ],
  [
    189.625,
    61,
    60,
    0.125,
    5,
    4,
    6,
    9
  ],
  [
    189.75,
    57,
    58,
    0.25,
    5,
    0,
    2,
    5
  ],
  [
    190,
    57,
    58,
    0.5,
    5,
    0,
    2,
    5
  ],
  [
    190,
    62,
    61,
    0.5,
    4,
    0,
    7,
    5
  ],
  [
    190,
    67,
    64,
    0.5,
    3,
    0,
    0,
    5
  ],
  [
    190.5,
    70,
    65,
    0.25,
    3,
    3,
    3,
    8
  ],
  [
    190.5,
    74,
    68,
    0.25,
    2,
    3,
    7,
    8
  ],
  [
    190.5,
    79,
    71,
    0.25,
    1,
    3,
    0,
    8
  ],
  [
    190.75,
    72,
    67,
    0.25,
    3,
    5,
    5,
    10
  ],
  [
    190.75,
    76,
    69,
    0.25,
    2,
    5,
    9,
    10
  ],
  [
    190.75,
    81,
    72,
    0.25,
    1,
    5,
    2,
    10
  ],
  [
    191,
    81,
    72,
    0.5,
    1,
    5,
    2,
    10
  ],
  [
    191.5,
    67,
    64,
    0.25,
    3,
    0,
    0,
    5
  ],
  [
    191.5,
    71,
    66,
    0.25,
    2,
    0,
    4,
    5
  ],
  [
    191.5,
    76,
    69,
    0.25,
    1,
    0,
    9,
    5
  ],
  [
    191.75,
    65,
    63,
    0.125,
    4,
    3,
    10,
    8
  ],
  [
    191.75,
    70,
    65,
    0.125,
    3,
    3,
    3,
    8
  ],
  [
    191.75,
    74,
    68,
    0.125,
    2,
    3,
    7,
    8
  ],
  [
    191.75,
    79,
    71,
    0.125,
    1,
    3,
    0,
    8
  ],
  [
    191.875,
    67,
    64,
    0.125,
    4,
    5,
    0,
    10
  ],
  [
    191.875,
    72,
    67,
    0.125,
    3,
    5,
    5,
    10
  ],
  [
    191.875,
    76,
    69,
    0.125,
    2,
    5,
    9,
    10
  ],
  [
    191.875,
    81,
    72,
    0.125,
    1,
    5,
    2,
    10
  ],
  [
    192,
    67,
    64,
    4,
    4,
    5,
    0,
    10
  ],
  [
    192,
    72,
    67,
    4,
    3,
    5,
    5,
    10
  ],
  [
    192,
    76,
    69,
    4,
    2,
    5,
    9,
    10
  ],
  [
    192,
    81,
    72,
    4,
    1,
    5,
    2,
    10
  ],
  [
    196,
    66,
    63,
    1.5,
    4,
    4,
    11,
    9
  ],
  [
    196,
    71,
    66,
    1.5,
    3,
    4,
    4,
    9
  ],
  [
    196,
    75,
    68,
    1.5,
    2,
    4,
    8,
    9
  ],
  [
    196,
    80,
    71,
    1.5,
    1,
    4,
    1,
    9
  ],
  [
    197.5,
    66,
    63,
    0.5,
    4,
    4,
    11,
    9
  ],
  [
    197.5,
    71,
    66,
    0.5,
    3,
    4,
    4,
    9
  ],
  [
    197.5,
    75,
    68,
    0.5,
    2,
    4,
    8,
    9
  ],
  [
    198,
    71,
    66,
    0.25,
    3,
    4,
    4,
    9
  ],
  [
    198.25,
    66,
    63,
    0.25,
    4,
    4,
    11,
    9
  ],
  [
    198.5,
    71,
    66,
    0.5,
    3,
    4,
    4,
    9
  ],
  [
    199.25,
    71,
    66,
    0.25,
    3,
    4,
    4,
    9
  ],
  [
    200,
    76,
    69,
    2,
    2,
    5,
    9,
    10
  ],
  [
    205.5,
    64,
    62,
    0.25,
    4,
    2,
    9,
    7
  ],
  [
    205.5,
    69,
    65,
    0.25,
    3,
    2,
    2,
    7
  ],
  [
    205.75,
    67,
    64,
    0.25,
    4,
    5,
    0,
    10
  ],
  [
    205.75,
    72,
    67,
    0.25,
    3,
    5,
    5,
    10
  ],
  [
    206,
    67,
    64,
    1,
    4,
    5,
    0,
    10
  ],
  [
    206,
    72,
    67,
    1,
    3,
    5,
    5,
    10
  ],
  [
    207,
    66,
    63,
    0.75,
    4,
    4,
    11,
    9
  ],
  [
    207,
    71,
    66,
    0.75,
    3,
    4,
    4,
    9
  ],
  [
    207.75,
    64,
    62,
    0.25,
    4,
    2,
    9,
    7
  ],
  [
    207.75,
    69,
    65,
    0.25,
    3,
    2,
    2,
    7
  ],
  [
    208,
    64,
    62,
    4,
    4,
    2,
    9,
    7
  ],
  [
    208,
    69,
    65,
    4,
    3,
    2,
    2,
    7
  ],
  [
    208,
    73,
    67,
    4,
    2,
    2,
    6,
    7
  ],
  [
    221.5,
    66,
    63,
    0.25,
    4,
    4,
    11,
    9
  ],
  [
    221.75,
    69,
    65,
    0.25,
    4,
    7,
    2,
    12
  ],
  [
    222,
    74,
    68,
    0.75,
    3,
    7,
    7,
    12
  ],
  [
    222.75,
    62,
    61,
    0.25,
    4,
    0,
    7,
    5
  ],
  [
    223,
    69,
    65,
    0.125,
    3,
    2,
    2,
    7
  ],
  [
    223.125,
    71,
    66,
    0.125,
    3,
    4,
    4,
    9
  ],
  [
    223.25,
    69,
    65,
    0.25,
    3,
    2,
    2,
    7
  ],
  [
    223.5,
    67,
    64,
    0.5,
    3,
    0,
    0,
    5
  ],
  [
    225.5,
    76,
    69,
    0.25,
    2,
    5,
    9,
    10
  ],
  [
    225.75,
    81,
    72,
    0.25,
    1,
    5,
    2,
    10
  ],
  [
    226,
    76,
    69,
    0.75,
    2,
    5,
    9,
    10
  ],
  [
    227,
    69,
    65,
    0.125,
    3,
    2,
    2,
    7
  ],
  [
    227.125,
    71,
    66,
    0.125,
    3,
    4,
    4,
    9
  ],
  [
    227.25,
    69,
    65,
    0.25,
    3,
    2,
    2,
    7
  ],
  [
    227.5,
    67,
    64,
    0.5,
    3,
    0,
    0,
    5
  ],
  [
    228,
    81,
    72,
    2,
    1,
    5,
    2,
    10
  ]
]