[
  [
    3,
    81,
    72,
    0.5,
    3,
    14,
    0,
    14
  ],
  [
    4.5,
    79,
    71,
    0.5,
    3,
    12,
    10,
    12
  ],
  [
    5,
    81,
    72,
    0.5,
    3,
    14,
    0,
    14
  ],
  [
    6,
    84,
    74,
    0.5,
    2,
    13,
    3,
    13
  ],
  [
    7,
    86,
    75,
    0.5,
    2,
    15,
    5,
    15
  ],
  [
    8,
    84,
    74,
    1,
    2,
    13,
    3,
    13
  ],
  [
    9,
    81,
    72,
    3,
    3,
    14,
    0,
    14
  ],
  [
    12,
    79,
    71,
    0.5,
    3,
    12,
    10,
    12
  ],
  [
    12.5,
    81,
    72,
    0.5,
    3,
    14,
    0,
    14
  ],
  [
    14,
    81,
    72,
    1,
    3,
    14,
    0,
    14
  ],
  [
    20,
    79,
    71,
    0.5,
    3,
    12,
    10,
    12
  ],
  [
    20.5,
    81,
    72,
    0.5,
    3,
    14,
    0,
    14
  ],
  [
    22,
    81,
    72,
    2,
    3,
    14,
    0,
    14
  ],
  [
    27,
    79,
    71,
    0.5,
    3,
    12,
    10,
    12
  ],
  [
    27.5,
    81,
    72,
    0.5,
    3,
    14,
    0,
    14
  ],
  [
    29,
    86,
    75,
    0.5,
    2,
    15,
    5,
    15
  ],
  [
    30.5,
    84,
    74,
    0.5,
    2,
    13,
    3,
    13
  ],
  [
    31,
    86,
    75,
    1,
    2,
    15,
    5,
    15
  ],
  [
    33,
    91,
    78,
    0.5,
    1,
    15,
    10,
    15
  ],
  [
    33.5,
    86,
    75,
    0.5,
    2,
    15,
    5,
    15
  ],
  [
    35,
    86,
    75,
    1,
    2,
    15,
    5,
    15
  ],
  [
    36,
    84,
    74,
    1,
    2,
    13,
    3,
    13
  ],
  [
    37,
    91,
    78,
    1,
    1,
    15,
    10,
    15
  ],
  [
    38,
    91,
    78,
    1,
    1,
    15,
    10,
    15
  ],
  [
    39,
    91,
    78,
    1,
    1,
    15,
    10,
    15
  ],
  [
    40,
    91,
    78,
    2,
    1,
    15,
    10,
    15
  ],
  [
    42,
    91,
    78,
    0.5,
    1,
    15,
    10,
    15
  ],
  [
    43.5,
    91,
    78,
    0.5,
    1,
    15,
    10,
    15
  ],
  [
    45.5,
    88,
    76,
    0.5,
    1,
    12,
    7,
    12
  ],
  [
    46,
    86,
    75,
    0.5,
    2,
    15,
    5,
    15
  ],
  [
    47,
    91,
    78,
    0.5,
    1,
    15,
    10,
    15
  ],
  [
    47.5,
    86,
    75,
    0.5,
    2,
    15,
    5,
    15
  ],
  [
    49,
    84,
    74,
    0.5,
    2,
    13,
    3,
    13
  ],
  [
    49.5,
    86,
    75,
    0.5,
    2,
    15,
    5,
    15
  ],
  [
    50.5,
    91,
    78,
    0.5,
    1,
    15,
    10,
    15
  ],
  [
    51,
    86,
    75,
    0.5,
    2,
    15,
    5,
    15
  ],
  [
    52,
    84,
    74,
    2,
    2,
    13,
    3,
    13
  ],
  [
    54,
    81,
    72,
    0.5,
    3,
    14,
    0,
    14
  ],
  [
    55,
    79,
    71,
    0.5,
    3,
    12,
    10,
    12
  ],
  [
    55.5,
    81,
    72,
    0.5,
    3,
    14,
    0,
    14
  ],
  [
    57,
    81,
    72,
    0.5,
    3,
    14,
    0,
    14
  ],
  [
    58,
    74,
    68,
    0.5,
    4,
    12,
    5,
    12
  ],
  [
    58.5,
    76,
    69,
    0.5,
    4,
    14,
    7,
    14
  ],
  [
    59,
    79,
    71,
    0.5,
    3,
    12,
    10,
    12
  ],
  [
    59.5,
    76,
    69,
    0.5,
    4,
    14,
    7,
    14
  ],
  [
    60,
    74,
    68,
    0.5,
    4,
    12,
    5,
    12
  ],
  [
    60.5,
    72,
    67,
    0.5,
    4,
    10,
    3,
    10
  ],
  [
    61,
    74,
    68,
    1,
    4,
    12,
    5,
    12
  ],
  [
    62,
    72,
    67,
    0.5,
    4,
    10,
    3,
    10
  ],
  [
    62.5,
    74,
    68,
    0.5,
    4,
    12,
    5,
    12
  ],
  [
    63,
    72,
    67,
    0.5,
    4,
    10,
    3,
    10
  ],
  [
    64,
    74,
    68,
    0.5,
    4,
    12,
    5,
    12
  ],
  [
    64.5,
    76,
    69,
    0.5,
    4,
    14,
    7,
    14
  ],
  [
    65,
    79,
    71,
    0.5,
    3,
    12,
    10,
    12
  ],
  [
    65.5,
    81,
    72,
    0.5,
    3,
    14,
    0,
    14
  ],
  [
    66,
    81,
    72,
    0.5,
    3,
    14,
    0,
    14
  ],
  [
    66.5,
    84,
    74,
    0.5,
    3,
    17,
    3,
    17
  ],
  [
    67,
    84,
    74,
    0.5,
    3,
    17,
    3,
    17
  ],
  [
    67.5,
    86,
    75,
    0.5,
    3,
    19,
    5,
    19
  ],
  [
    68,
    86,
    75,
    0.5,
    3,
    19,
    5,
    19
  ],
  [
    69,
    88,
    76,
    0.5,
    2,
    17,
    7,
    17
  ],
  [
    69.5,
    88,
    76,
    0.5,
    2,
    17,
    7,
    17
  ],
  [
    69.5,
    93,
    79,
    0.5,
    1,
    17,
    0,
    17
  ],
  [
    70,
    91,
    78,
    0.5,
    2,
    20,
    10,
    20
  ],
  [
    71,
    91,
    78,
    0.5,
    2,
    20,
    10,
    20
  ],
  [
    72,
    91,
    78,
    3,
    2,
    20,
    10,
    20
  ],
  [
    75,
    76,
    69,
    1,
    1,
    0,
    7,
    0
  ]
]