[
  [
    3,
    74,
    68,
    0.75,
    3,
    7,
    3,
    29
  ],
  [
    3.75,
    76,
    69,
    0.25,
    3,
    9,
    5,
    31
  ],
  [
    4,
    76,
    69,
    1.5,
    3,
    9,
    5,
    31
  ],
  [
    6.75,
    76,
    69,
    0.25,
    3,
    9,
    5,
    31
  ],
  [
    7.625,
    74,
    68,
    0.125,
    3,
    7,
    3,
    29
  ],
  [
    7.75,
    71,
    66,
    0.125,
    4,
    9,
    0,
    31
  ],
  [
    7.875,
    74,
    68,
    0.125,
    3,
    7,
    3,
    29
  ],
  [
    8,
    76,
    69,
    0.25,
    3,
    9,
    5,
    31
  ],
  [
    8.25,
    76,
    69,
    1.5,
    3,
    9,
    5,
    31
  ],
  [
    9.875,
    74,
    68,
    0.125,
    3,
    7,
    3,
    29
  ],
  [
    10,
    71,
    66,
    0.125,
    4,
    9,
    0,
    31
  ],
  [
    10.375,
    74,
    68,
    0.25,
    3,
    7,
    3,
    29
  ],
  [
    11.25,
    78,
    70,
    0.16667,
    3,
    11,
    7,
    33
  ],
  [
    11.66667,
    81,
    72,
    0.16667,
    2,
    10,
    10,
    32
  ],
  [
    11.83333,
    83,
    73,
    0.16667,
    2,
    12,
    0,
    34
  ],
  [
    12,
    83,
    73,
    1,
    2,
    12,
    0,
    34
  ],
  [
    13,
    83,
    73,
    0.5,
    2,
    12,
    0,
    34
  ],
  [
    13.5,
    81,
    72,
    0.16667,
    2,
    10,
    10,
    32
  ],
  [
    13.66667,
    83,
    73,
    0.16667,
    2,
    12,
    0,
    34
  ],
  [
    13.83333,
    83,
    73,
    0.75,
    2,
    12,
    0,
    34
  ],
  [
    15,
    71,
    66,
    0.25,
    4,
    9,
    0,
    31
  ],
  [
    15.25,
    74,
    68,
    0.25,
    3,
    7,
    3,
    29
  ],
  [
    15.75,
    76,
    69,
    0.25,
    3,
    9,
    5,
    31
  ],
  [
    16,
    76,
    69,
    0.125,
    3,
    9,
    5,
    31
  ],
  [
    16.375,
    74,
    68,
    0.125,
    3,
    7,
    3,
    29
  ],
  [
    16.5,
    71,
    66,
    0.5,
    4,
    9,
    0,
    31
  ],
  [
    19,
    78,
    70,
    0.16667,
    2,
    7,
    7,
    29
  ],
  [
    19,
    83,
    73,
    0.16667,
    1,
    7,
    0,
    29
  ],
  [
    19.16667,
    81,
    72,
    0.16667,
    2,
    10,
    10,
    32
  ],
  [
    19.33333,
    78,
    70,
    0.16667,
    2,
    7,
    7,
    29
  ],
  [
    19.5,
    76,
    69,
    0.33333,
    3,
    9,
    5,
    31
  ],
  [
    19.83333,
    74,
    68,
    0.16667,
    3,
    7,
    3,
    29
  ],
  [
    20,
    71,
    66,
    2,
    4,
    9,
    0,
    31
  ],
  [
    22.5,
    66,
    63,
    0.25,
    5,
    9,
    7,
    31
  ],
  [
    22.75,
    69,
    65,
    0.25,
    4,
    7,
    10,
    29
  ],
  [
    23,
    69,
    65,
    0.5,
    4,
    7,
    10,
    29
  ],
  [
    23.5,
    71,
    66,
    0.25,
    4,
    9,
    0,
    31
  ],
  [
    23.75,
    74,
    68,
    0.25,
    3,
    7,
    3,
    29
  ],
  [
    24.5,
    71,
    66,
    0.125,
    4,
    9,
    0,
    31
  ],
  [
    24.625,
    69,
    65,
    0.125,
    4,
    7,
    10,
    29
  ],
  [
    24.75,
    71,
    66,
    0.25,
    4,
    9,
    0,
    31
  ],
  [
    27.5,
    78,
    70,
    0.0625,
    2,
    7,
    7,
    29
  ],
  [
    27.5625,
    83,
    73,
    0.1875,
    1,
    7,
    0,
    29
  ],
  [
    27.75,
    85,
    74,
    0.25,
    1,
    9,
    2,
    31
  ],
  [
    28,
    85,
    74,
    1,
    1,
    9,
    2,
    31
  ],
  [
    29.25,
    85,
    74,
    0.25,
    1,
    9,
    2,
    31
  ],
  [
    29.5,
    85,
    74,
    0.25,
    1,
    9,
    2,
    31
  ],
  [
    29.75,
    83,
    73,
    0.125,
    1,
    7,
    0,
    29
  ],
  [
    29.875,
    81,
    72,
    0.16667,
    2,
    10,
    10,
    32
  ],
  [
    30.04167,
    81,
    72,
    0.66667,
    2,
    10,
    10,
    32
  ],
  [
    31.5,
    81,
    72,
    0.16667,
    2,
    10,
    10,
    32
  ],
  [
    31.66667,
    78,
    70,
    0.16667,
    2,
    7,
    7,
    29
  ],
  [
    31.83333,
    76,
    69,
    0.16667,
    3,
    9,
    5,
    31
  ],
  [
    32,
    76,
    69,
    0.16667,
    3,
    9,
    5,
    31
  ],
  [
    32.16667,
    78,
    70,
    0.16667,
    2,
    7,
    7,
    29
  ],
  [
    32.33333,
    83,
    73,
    0.16667,
    1,
    7,
    0,
    29
  ],
  [
    32.5,
    81,
    72,
    0.16667,
    2,
    10,
    10,
    32
  ],
  [
    32.66667,
    78,
    70,
    0.16667,
    2,
    7,
    7,
    29
  ],
  [
    32.83333,
    76,
    69,
    0.16667,
    3,
    9,
    5,
    31
  ],
  [
    33,
    76,
    69,
    0.16667,
    3,
    9,
    5,
    31
  ],
  [
    33.33333,
    74,
    68,
    0.16667,
    3,
    7,
    3,
    29
  ],
  [
    33.5,
    76,
    69,
    0.16667,
    3,
    9,
    5,
    31
  ],
  [
    33.66667,
    74,
    68,
    0.16667,
    3,
    7,
    3,
    29
  ],
  [
    33.83333,
    71,
    66,
    0.16667,
    4,
    9,
    0,
    31
  ],
  [
    34,
    74,
    68,
    0.16667,
    3,
    7,
    3,
    29
  ],
  [
    34.16667,
    71,
    66,
    0.16667,
    4,
    9,
    0,
    31
  ],
  [
    34.33333,
    69,
    65,
    0.16667,
    4,
    7,
    10,
    29
  ],
  [
    34.5,
    64,
    62,
    0.16667,
    5,
    7,
    5,
    29
  ],
  [
    34.66667,
    62,
    61,
    0.16667,
    5,
    5,
    3,
    27
  ],
  [
    34.83333,
    64,
    62,
    0.16667,
    5,
    7,
    5,
    29
  ],
  [
    35,
    59,
    59,
    0.5,
    6,
    7,
    0,
    29
  ],
  [
    35.5,
    71,
    66,
    0.5,
    4,
    9,
    0,
    31
  ],
  [
    36,
    74,
    68,
    0.25,
    3,
    7,
    3,
    29
  ],
  [
    36.25,
    74,
    68,
    0.25,
    3,
    7,
    3,
    29
  ],
  [
    36.5,
    74,
    68,
    0.5,
    3,
    7,
    3,
    29
  ],
  [
    38,
    67,
    64,
    0.25,
    3,
    0,
    8,
    22
  ],
  [
    38.25,
    76,
    69,
    0.25,
    3,
    9,
    5,
    31
  ],
  [
    38.83333,
    83,
    73,
    0.16667,
    1,
    7,
    0,
    29
  ],
  [
    39,
    81,
    72,
    0.16667,
    2,
    10,
    10,
    32
  ],
  [
    39.16667,
    78,
    70,
    0.16667,
    2,
    7,
    7,
    29
  ],
  [
    39.33333,
    76,
    69,
    0.16667,
    3,
    9,
    5,
    31
  ],
  [
    39.5,
    76,
    69,
    0.16667,
    3,
    9,
    5,
    31
  ],
  [
    39.83333,
    74,
    68,
    0.16667,
    3,
    7,
    3,
    29
  ],
  [
    40,
    76,
    69,
    0.16667,
    3,
    9,
    5,
    31
  ],
  [
    40.16667,
    74,
    68,
    0.16667,
    3,
    7,
    3,
    29
  ],
  [
    40.33333,
    71,
    66,
    0.16667,
    4,
    9,
    0,
    31
  ],
  [
    40.5,
    74,
    68,
    0.16667,
    3,
    7,
    3,
    29
  ],
  [
    40.66667,
    71,
    66,
    0.16667,
    4,
    9,
    0,
    31
  ],
  [
    40.83333,
    69,
    65,
    0.16667,
    4,
    7,
    10,
    29
  ],
  [
    41,
    71,
    66,
    0.16667,
    4,
    9,
    0,
    31
  ],
  [
    41.16667,
    69,
    65,
    0.16667,
    4,
    7,
    10,
    29
  ],
  [
    41.33333,
    66,
    63,
    0.08333,
    5,
    9,
    7,
    31
  ],
  [
    41.41667,
    64,
    62,
    0.16667,
    5,
    7,
    5,
    29
  ],
  [
    41.58333,
    62,
    61,
    0.16667,
    5,
    5,
    3,
    27
  ],
  [
    41.75,
    59,
    59,
    0.25,
    6,
    7,
    0,
    29
  ],
  [
    42,
    62,
    61,
    0.5,
    5,
    5,
    3,
    27
  ],
  [
    42.5,
    64,
    62,
    0.25,
    5,
    7,
    5,
    29
  ],
  [
    43,
    66,
    63,
    0.25,
    5,
    9,
    7,
    31
  ],
  [
    43.25,
    69,
    65,
    0.25,
    4,
    7,
    10,
    29
  ],
  [
    43.5,
    69,
    65,
    0.25,
    4,
    7,
    10,
    29
  ],
  [
    43.75,
    69,
    65,
    0.25,
    4,
    7,
    10,
    29
  ],
  [
    44.5,
    71,
    66,
    0.125,
    4,
    9,
    0,
    31
  ],
  [
    44.625,
    69,
    65,
    0.125,
    4,
    7,
    10,
    29
  ],
  [
    44.75,
    74,
    68,
    0.25,
    3,
    7,
    3,
    29
  ],
  [
    44.75,
    78,
    70,
    0.25,
    2,
    7,
    7,
    29
  ],
  [
    45,
    71,
    66,
    0.25,
    4,
    9,
    0,
    31
  ],
  [
    45.25,
    74,
    68,
    0.25,
    3,
    7,
    3,
    29
  ],
  [
    45.5,
    76,
    69,
    0.25,
    3,
    9,
    5,
    31
  ],
  [
    45.75,
    78,
    70,
    0.25,
    2,
    7,
    7,
    29
  ],
  [
    46,
    83,
    73,
    0.25,
    1,
    7,
    0,
    29
  ],
  [
    46.25,
    81,
    72,
    0.25,
    2,
    10,
    10,
    32
  ],
  [
    46.5,
    76,
    69,
    0.25,
    3,
    9,
    5,
    31
  ],
  [
    46.75,
    78,
    70,
    0.25,
    2,
    7,
    7,
    29
  ],
  [
    47,
    74,
    68,
    0.5,
    3,
    7,
    3,
    29
  ],
  [
    47.5,
    76,
    69,
    0.25,
    3,
    9,
    5,
    31
  ],
  [
    47.75,
    74,
    68,
    0.25,
    3,
    7,
    3,
    29
  ],
  [
    48,
    76,
    69,
    0.16667,
    3,
    9,
    5,
    31
  ],
  [
    48.16667,
    78,
    70,
    0.16667,
    2,
    7,
    7,
    29
  ],
  [
    48.33333,
    83,
    73,
    0.16667,
    1,
    7,
    0,
    29
  ],
  [
    48.5,
    81,
    72,
    0.16667,
    2,
    10,
    10,
    32
  ],
  [
    48.66667,
    78,
    70,
    0.16667,
    2,
    7,
    7,
    29
  ],
  [
    48.83333,
    76,
    69,
    0.16667,
    3,
    9,
    5,
    31
  ],
  [
    49,
    76,
    69,
    0.16667,
    3,
    9,
    5,
    31
  ],
  [
    49.33333,
    74,
    68,
    0.16667,
    3,
    7,
    3,
    29
  ],
  [
    49.5,
    76,
    69,
    0.16667,
    3,
    9,
    5,
    31
  ],
  [
    49.66667,
    74,
    68,
    0.16667,
    3,
    7,
    3,
    29
  ],
  [
    49.83333,
    71,
    66,
    0.16667,
    4,
    9,
    0,
    31
  ],
  [
    50,
    74,
    68,
    0.16667,
    3,
    7,
    3,
    29
  ],
  [
    50.16667,
    71,
    66,
    0.16667,
    4,
    9,
    0,
    31
  ],
  [
    50.33333,
    69,
    65,
    0.16667,
    4,
    7,
    10,
    29
  ],
  [
    50.5,
    66,
    63,
    0.16667,
    5,
    9,
    7,
    31
  ],
  [
    50.66667,
    65,
    63,
    0.16667,
    5,
    8,
    6,
    30
  ],
  [
    50.83333,
    64,
    62,
    0.16667,
    5,
    7,
    5,
    29
  ],
  [
    51,
    62,
    61,
    0.25,
    5,
    5,
    3,
    27
  ],
  [
    51.25,
    57,
    58,
    0.5,
    6,
    5,
    10,
    27
  ],
  [
    51.75,
    59,
    59,
    0.25,
    6,
    7,
    0,
    29
  ],
  [
    52,
    59,
    59,
    0.125,
    6,
    7,
    0,
    29
  ],
  [
    52.125,
    60,
    60,
    0.125,
    6,
    8,
    1,
    30
  ],
  [
    52.25,
    59,
    59,
    0.125,
    6,
    7,
    0,
    29
  ],
  [
    52.375,
    57,
    58,
    0.125,
    6,
    5,
    10,
    27
  ],
  [
    52.5,
    59,
    59,
    1.5,
    6,
    7,
    0,
    29
  ],
  [
    54.25,
    61,
    60,
    0.5,
    6,
    9,
    2,
    31
  ],
  [
    54.75,
    61,
    60,
    0.25,
    6,
    9,
    2,
    31
  ],
  [
    55,
    61,
    60,
    0.75,
    6,
    9,
    2,
    31
  ],
  [
    55.75,
    61,
    60,
    0.125,
    6,
    9,
    2,
    31
  ],
  [
    55.875,
    59,
    59,
    0.125,
    6,
    7,
    0,
    29
  ],
  [
    56,
    61,
    60,
    0.5,
    6,
    9,
    2,
    31
  ],
  [
    56.5,
    61,
    60,
    0.25,
    6,
    9,
    2,
    31
  ],
  [
    56.75,
    59,
    59,
    0.25,
    6,
    7,
    0,
    29
  ],
  [
    57,
    57,
    58,
    0.125,
    6,
    5,
    10,
    27
  ],
  [
    57.125,
    61,
    60,
    1.5,
    6,
    9,
    2,
    31
  ],
  [
    59,
    59,
    59,
    0.5,
    6,
    7,
    0,
    29
  ],
  [
    59.5,
    57,
    58,
    0.5,
    6,
    5,
    10,
    27
  ],
  [
    60,
    55,
    57,
    0.5,
    6,
    3,
    8,
    25
  ],
  [
    60.5,
    57,
    58,
    0.25,
    6,
    5,
    10,
    27
  ],
  [
    60.75,
    59,
    59,
    0.25,
    6,
    7,
    0,
    29
  ],
  [
    61,
    61,
    60,
    0.5,
    6,
    9,
    2,
    31
  ],
  [
    61.5,
    54,
    56,
    0.5,
    6,
    2,
    7,
    24
  ],
  [
    62,
    52,
    55,
    1.5,
    6,
    0,
    5,
    22
  ],
  [
    64,
    66,
    63,
    0.25,
    5,
    9,
    7,
    31
  ],
  [
    64.25,
    69,
    65,
    0.5,
    4,
    7,
    10,
    29
  ],
  [
    64.75,
    71,
    66,
    0.25,
    4,
    9,
    0,
    31
  ],
  [
    65,
    74,
    68,
    0.25,
    3,
    7,
    3,
    29
  ],
  [
    65.25,
    76,
    69,
    0.25,
    3,
    9,
    5,
    31
  ],
  [
    65.5,
    76,
    69,
    0.25,
    3,
    9,
    5,
    31
  ],
  [
    65.75,
    74,
    68,
    0.25,
    3,
    7,
    3,
    29
  ],
  [
    66,
    76,
    69,
    0.25,
    3,
    9,
    5,
    31
  ],
  [
    66.25,
    74,
    68,
    0.25,
    3,
    7,
    3,
    29
  ],
  [
    66.5,
    71,
    66,
    0.125,
    4,
    9,
    0,
    31
  ],
  [
    66.625,
    69,
    65,
    0.125,
    4,
    7,
    10,
    29
  ],
  [
    66.75,
    71,
    66,
    0.25,
    4,
    9,
    0,
    31
  ],
  [
    67.25,
    78,
    70,
    0.5,
    2,
    7,
    7,
    29
  ],
  [
    67.75,
    81,
    72,
    0.25,
    2,
    10,
    10,
    32
  ],
  [
    68,
    81,
    72,
    0.75,
    2,
    10,
    10,
    32
  ],
  [
    68.75,
    86,
    75,
    0.25,
    1,
    10,
    3,
    32
  ],
  [
    69,
    81,
    72,
    1,
    2,
    10,
    10,
    32
  ],
  [
    70.25,
    81,
    72,
    0.375,
    2,
    10,
    10,
    32
  ],
  [
    70.625,
    81,
    72,
    0.375,
    2,
    10,
    10,
    32
  ],
  [
    71,
    81,
    72,
    0.75,
    2,
    10,
    10,
    32
  ],
  [
    71.75,
    78,
    70,
    0.25,
    2,
    7,
    7,
    29
  ],
  [
    72,
    81,
    72,
    0.75,
    2,
    10,
    10,
    32
  ],
  [
    72.75,
    86,
    75,
    0.25,
    1,
    10,
    3,
    32
  ],
  [
    73,
    81,
    72,
    1,
    2,
    10,
    10,
    32
  ],
  [
    74.34375,
    81,
    72,
    0.375,
    2,
    10,
    10,
    32
  ],
  [
    74.71875,
    81,
    72,
    0.375,
    2,
    10,
    10,
    32
  ],
  [
    75.09375,
    81,
    72,
    0.25,
    2,
    10,
    10,
    32
  ],
  [
    75.34375,
    78,
    70,
    0.09375,
    2,
    7,
    7,
    29
  ],
  [
    75.4375,
    76,
    69,
    0.09375,
    3,
    9,
    5,
    31
  ],
  [
    75.53125,
    78,
    70,
    0.09375,
    2,
    7,
    7,
    29
  ],
  [
    75.6875,
    81,
    72,
    0.1875,
    2,
    10,
    10,
    32
  ],
  [
    76.5,
    83,
    73,
    0.25,
    1,
    7,
    0,
    29
  ],
  [
    76.75,
    81,
    72,
    0.75,
    2,
    10,
    10,
    32
  ],
  [
    77.5,
    81,
    72,
    0.25,
    2,
    10,
    10,
    32
  ],
  [
    77.5,
    83,
    73,
    0.25,
    1,
    7,
    0,
    29
  ],
  [
    77.75,
    78,
    70,
    0.75,
    2,
    7,
    7,
    29
  ],
  [
    77.75,
    83,
    73,
    0.75,
    1,
    7,
    0,
    29
  ],
  [
    78.5,
    78,
    70,
    0.25,
    2,
    7,
    7,
    29
  ],
  [
    78.5,
    83,
    73,
    0.25,
    1,
    7,
    0,
    29
  ],
  [
    78.75,
    76,
    69,
    0.75,
    3,
    9,
    5,
    31
  ],
  [
    79.5,
    78,
    70,
    0.25,
    2,
    7,
    7,
    29
  ],
  [
    79.75,
    76,
    69,
    0.25,
    3,
    9,
    5,
    31
  ],
  [
    80,
    76,
    69,
    0.16667,
    3,
    9,
    5,
    31
  ],
  [
    80.33333,
    74,
    68,
    0.16667,
    3,
    7,
    3,
    29
  ],
  [
    80.5,
    71,
    66,
    0.16667,
    4,
    9,
    0,
    31
  ],
  [
    80.66667,
    76,
    69,
    0.25,
    3,
    9,
    5,
    31
  ],
  [
    80.91667,
    74,
    68,
    0.375,
    3,
    7,
    3,
    29
  ],
  [
    81.29167,
    76,
    69,
    0.25,
    3,
    9,
    5,
    31
  ],
  [
    81.54167,
    76,
    69,
    0.16667,
    3,
    9,
    5,
    31
  ],
  [
    81.875,
    74,
    68,
    0.16667,
    3,
    7,
    3,
    29
  ],
  [
    82.04167,
    71,
    66,
    0.16667,
    4,
    9,
    0,
    31
  ],
  [
    82.20833,
    76,
    69,
    0.16667,
    3,
    9,
    5,
    31
  ],
  [
    82.375,
    74,
    68,
    0.5,
    3,
    7,
    3,
    29
  ],
  [
    82.875,
    71,
    66,
    0.5,
    4,
    9,
    0,
    31
  ],
  [
    83.75,
    62,
    61,
    0.25,
    4,
    0,
    3,
    22
  ],
  [
    83.75,
    67,
    64,
    0.25,
    3,
    0,
    8,
    22
  ],
  [
    83.75,
    71,
    66,
    0.25,
    2,
    0,
    0,
    22
  ],
  [
    84,
    69,
    65,
    0.5,
    4,
    7,
    10,
    29
  ],
  [
    84,
    74,
    68,
    0.5,
    3,
    7,
    3,
    29
  ],
  [
    84,
    78,
    70,
    0.5,
    2,
    7,
    7,
    29
  ],
  [
    84.5,
    71,
    66,
    2,
    4,
    9,
    0,
    31
  ],
  [
    87,
    62,
    61,
    0.25,
    4,
    0,
    3,
    22
  ],
  [
    87,
    67,
    64,
    0.25,
    3,
    0,
    8,
    22
  ],
  [
    87,
    71,
    66,
    0.25,
    2,
    0,
    0,
    22
  ],
  [
    87.25,
    69,
    65,
    0.25,
    4,
    7,
    10,
    29
  ],
  [
    87.25,
    74,
    68,
    0.25,
    3,
    7,
    3,
    29
  ],
  [
    87.25,
    78,
    70,
    0.25,
    2,
    7,
    7,
    29
  ],
  [
    87.75,
    69,
    65,
    0.25,
    4,
    7,
    10,
    29
  ],
  [
    87.75,
    74,
    68,
    0.25,
    3,
    7,
    3,
    29
  ],
  [
    87.75,
    78,
    70,
    0.25,
    2,
    7,
    7,
    29
  ],
  [
    88.5,
    71,
    66,
    0.25,
    4,
    9,
    0,
    31
  ],
  [
    88.75,
    69,
    65,
    0.25,
    4,
    7,
    10,
    29
  ],
  [
    89,
    71,
    66,
    2,
    4,
    9,
    0,
    31
  ],
  [
    91,
    62,
    61,
    0.25,
    4,
    0,
    3,
    22
  ],
  [
    91,
    67,
    64,
    0.25,
    3,
    0,
    8,
    22
  ],
  [
    91,
    71,
    66,
    0.25,
    2,
    0,
    0,
    22
  ],
  [
    91.25,
    69,
    65,
    0.25,
    4,
    7,
    10,
    29
  ],
  [
    91.25,
    74,
    68,
    0.25,
    3,
    7,
    3,
    29
  ],
  [
    91.25,
    78,
    70,
    0.25,
    2,
    7,
    7,
    29
  ],
  [
    91.75,
    69,
    65,
    0.25,
    4,
    7,
    10,
    29
  ],
  [
    91.75,
    74,
    68,
    0.25,
    3,
    7,
    3,
    29
  ],
  [
    91.75,
    78,
    70,
    0.25,
    2,
    7,
    7,
    29
  ],
  [
    92.5,
    71,
    66,
    0.25,
    4,
    9,
    0,
    31
  ],
  [
    92.75,
    69,
    65,
    0.25,
    4,
    7,
    10,
    29
  ],
  [
    93,
    71,
    66,
    0.5,
    4,
    9,
    0,
    31
  ],
  [
    93.5,
    62,
    61,
    0.25,
    4,
    0,
    3,
    22
  ],
  [
    93.5,
    67,
    64,
    0.25,
    3,
    0,
    8,
    22
  ],
  [
    93.5,
    71,
    66,
    0.25,
    2,
    0,
    0,
    22
  ],
  [
    93.75,
    69,
    65,
    0.75,
    4,
    7,
    10,
    29
  ],
  [
    93.75,
    74,
    68,
    0.75,
    3,
    7,
    3,
    29
  ],
  [
    93.75,
    78,
    70,
    0.75,
    2,
    7,
    7,
    29
  ],
  [
    94.5,
    71,
    66,
    0.25,
    4,
    9,
    0,
    31
  ],
  [
    94.75,
    69,
    65,
    0.25,
    4,
    7,
    10,
    29
  ],
  [
    95,
    71,
    66,
    0.25,
    4,
    9,
    0,
    31
  ],
  [
    95.5,
    62,
    61,
    0.25,
    4,
    0,
    3,
    22
  ],
  [
    95.5,
    67,
    64,
    0.25,
    3,
    0,
    8,
    22
  ],
  [
    95.5,
    71,
    66,
    0.25,
    2,
    0,
    0,
    22
  ],
  [
    95.75,
    69,
    65,
    0.25,
    4,
    7,
    10,
    29
  ],
  [
    95.75,
    74,
    68,
    0.25,
    3,
    7,
    3,
    29
  ],
  [
    95.75,
    78,
    70,
    0.25,
    2,
    7,
    7,
    29
  ],
  [
    96.5,
    71,
    66,
    0.25,
    4,
    9,
    0,
    31
  ],
  [
    96.75,
    69,
    65,
    0.25,
    4,
    7,
    10,
    29
  ],
  [
    97,
    71,
    66,
    0.5,
    4,
    9,
    0,
    31
  ],
  [
    98,
    69,
    65,
    0.5,
    4,
    7,
    10,
    29
  ],
  [
    98.5,
    71,
    66,
    0.125,
    4,
    9,
    0,
    31
  ],
  [
    98.625,
    69,
    65,
    0.125,
    4,
    7,
    10,
    29
  ],
  [
    98.75,
    66,
    63,
    0.25,
    5,
    9,
    7,
    31
  ],
  [
    99,
    74,
    68,
    0.5,
    3,
    7,
    3,
    29
  ],
  [
    99.5,
    71,
    66,
    0.125,
    4,
    9,
    0,
    31
  ],
  [
    99.625,
    69,
    65,
    0.125,
    4,
    7,
    10,
    29
  ],
  [
    99.75,
    66,
    63,
    0.25,
    5,
    9,
    7,
    31
  ],
  [
    100,
    69,
    65,
    0.5,
    4,
    7,
    10,
    29
  ],
  [
    100.5,
    71,
    66,
    0.125,
    4,
    9,
    0,
    31
  ],
  [
    100.625,
    69,
    65,
    0.125,
    4,
    7,
    10,
    29
  ],
  [
    100.75,
    66,
    63,
    0.25,
    5,
    9,
    7,
    31
  ],
  [
    101,
    74,
    68,
    0.5,
    3,
    7,
    3,
    29
  ],
  [
    101.5,
    71,
    66,
    0.125,
    4,
    9,
    0,
    31
  ],
  [
    101.625,
    69,
    65,
    0.125,
    4,
    7,
    10,
    29
  ],
  [
    101.75,
    66,
    63,
    0.25,
    5,
    9,
    7,
    31
  ],
  [
    102,
    69,
    65,
    0.5,
    4,
    7,
    10,
    29
  ],
  [
    102.5,
    71,
    66,
    0.125,
    4,
    9,
    0,
    31
  ],
  [
    102.625,
    69,
    65,
    0.125,
    4,
    7,
    10,
    29
  ],
  [
    102.75,
    66,
    63,
    0.25,
    5,
    9,
    7,
    31
  ],
  [
    103,
    74,
    68,
    0.5,
    3,
    7,
    3,
    29
  ],
  [
    103.5,
    71,
    66,
    0.125,
    4,
    9,
    0,
    31
  ],
  [
    103.625,
    69,
    65,
    0.125,
    4,
    7,
    10,
    29
  ],
  [
    103.75,
    66,
    63,
    0.25,
    5,
    9,
    7,
    31
  ],
  [
    104,
    69,
    65,
    0.5,
    4,
    7,
    10,
    29
  ],
  [
    104.5,
    71,
    66,
    0.125,
    4,
    9,
    0,
    31
  ],
  [
    104.625,
    69,
    65,
    0.125,
    4,
    7,
    10,
    29
  ],
  [
    104.75,
    66,
    63,
    0.25,
    5,
    9,
    7,
    31
  ],
  [
    105,
    74,
    68,
    0.5,
    3,
    7,
    3,
    29
  ],
  [
    105.5,
    71,
    66,
    0.125,
    4,
    9,
    0,
    31
  ],
  [
    105.625,
    69,
    65,
    0.125,
    4,
    7,
    10,
    29
  ],
  [
    105.75,
    66,
    63,
    0.25,
    5,
    9,
    7,
    31
  ],
  [
    106,
    69,
    65,
    0.5,
    4,
    7,
    10,
    29
  ],
  [
    106.5,
    71,
    66,
    0.125,
    4,
    9,
    0,
    31
  ],
  [
    106.625,
    69,
    65,
    0.125,
    4,
    7,
    10,
    29
  ],
  [
    106.75,
    66,
    63,
    0.25,
    5,
    9,
    7,
    31
  ],
  [
    107,
    74,
    68,
    0.5,
    3,
    7,
    3,
    29
  ],
  [
    107.5,
    71,
    66,
    0.125,
    4,
    9,
    0,
    31
  ],
  [
    107.625,
    69,
    65,
    0.125,
    4,
    7,
    10,
    29
  ],
  [
    107.75,
    66,
    63,
    0.25,
    5,
    9,
    7,
    31
  ],
  [
    108,
    69,
    65,
    0.5,
    4,
    7,
    10,
    29
  ],
  [
    108.5,
    71,
    66,
    0.125,
    4,
    9,
    0,
    31
  ],
  [
    108.625,
    69,
    65,
    0.125,
    4,
    7,
    10,
    29
  ],
  [
    108.75,
    66,
    63,
    0.25,
    5,
    9,
    7,
    31
  ],
  [
    109,
    74,
    68,
    0.5,
    3,
    7,
    3,
    29
  ],
  [
    109.5,
    71,
    66,
    0.125,
    4,
    9,
    0,
    31
  ],
  [
    109.625,
    69,
    65,
    0.125,
    4,
    7,
    10,
    29
  ],
  [
    109.75,
    66,
    63,
    0.25,
    5,
    9,
    7,
    31
  ],
  [
    110,
    69,
    65,
    0.5,
    4,
    7,
    10,
    29
  ],
  [
    110.5,
    71,
    66,
    0.125,
    4,
    9,
    0,
    31
  ],
  [
    110.625,
    69,
    65,
    0.125,
    4,
    7,
    10,
    29
  ],
  [
    110.75,
    66,
    63,
    0.25,
    5,
    9,
    7,
    31
  ],
  [
    111,
    74,
    68,
    0.5,
    3,
    7,
    3,
    29
  ],
  [
    111.5,
    71,
    66,
    0.125,
    4,
    9,
    0,
    31
  ],
  [
    111.5,
    76,
    69,
    0.125,
    3,
    9,
    5,
    31
  ],
  [
    111.625,
    69,
    65,
    0.125,
    4,
    7,
    10,
    29
  ],
  [
    111.75,
    71,
    66,
    0.25,
    4,
    9,
    0,
    31
  ],
  [
    111.75,
    76,
    69,
    0.25,
    3,
    9,
    5,
    31
  ],
  [
    112,
    76,
    69,
    0.16667,
    3,
    9,
    5,
    31
  ],
  [
    112.16667,
    78,
    70,
    0.16667,
    2,
    7,
    7,
    29
  ],
  [
    112.16667,
    83,
    73,
    0.16667,
    1,
    7,
    0,
    29
  ],
  [
    112.33333,
    78,
    70,
    0.16667,
    2,
    7,
    7,
    29
  ],
  [
    112.33333,
    83,
    73,
    0.16667,
    1,
    7,
    0,
    29
  ],
  [
    112.5,
    76,
    69,
    0.16667,
    3,
    9,
    5,
    31
  ],
  [
    112.66667,
    78,
    70,
    0.16667,
    2,
    7,
    7,
    29
  ],
  [
    112.66667,
    83,
    73,
    0.16667,
    1,
    7,
    0,
    29
  ],
  [
    112.83333,
    78,
    70,
    0.16667,
    2,
    7,
    7,
    29
  ],
  [
    112.83333,
    83,
    73,
    0.16667,
    1,
    7,
    0,
    29
  ],
  [
    113,
    76,
    69,
    0.16667,
    3,
    9,
    5,
    31
  ],
  [
    113.16667,
    78,
    70,
    0.16667,
    2,
    7,
    7,
    29
  ],
  [
    113.16667,
    83,
    73,
    0.16667,
    1,
    7,
    0,
    29
  ],
  [
    113.33333,
    76,
    69,
    0.16667,
    3,
    9,
    5,
    31
  ],
  [
    113.5,
    78,
    70,
    0.16667,
    2,
    7,
    7,
    29
  ],
  [
    113.5,
    83,
    73,
    0.16667,
    1,
    7,
    0,
    29
  ],
  [
    113.66667,
    78,
    70,
    0.16667,
    2,
    7,
    7,
    29
  ],
  [
    113.66667,
    83,
    73,
    0.16667,
    1,
    7,
    0,
    29
  ],
  [
    113.83333,
    76,
    69,
    0.16667,
    3,
    9,
    5,
    31
  ],
  [
    114,
    78,
    70,
    0.16667,
    2,
    7,
    7,
    29
  ],
  [
    114,
    83,
    73,
    0.16667,
    1,
    7,
    0,
    29
  ],
  [
    114.16667,
    76,
    69,
    0.16667,
    3,
    9,
    5,
    31
  ],
  [
    114.33333,
    78,
    70,
    0.16667,
    2,
    7,
    7,
    29
  ],
  [
    114.33333,
    83,
    73,
    0.16667,
    1,
    7,
    0,
    29
  ],
  [
    114.5,
    81,
    72,
    0.16667,
    2,
    10,
    10,
    32
  ],
  [
    114.66667,
    78,
    70,
    0.16667,
    2,
    7,
    7,
    29
  ],
  [
    114.83333,
    76,
    69,
    0.16667,
    3,
    9,
    5,
    31
  ],
  [
    115,
    76,
    69,
    0.16667,
    3,
    9,
    5,
    31
  ],
  [
    115.33333,
    74,
    68,
    0.16667,
    3,
    7,
    3,
    29
  ],
  [
    115.5,
    76,
    69,
    0.16667,
    3,
    9,
    5,
    31
  ],
  [
    115.66667,
    74,
    68,
    0.16667,
    3,
    7,
    3,
    29
  ],
  [
    115.83333,
    71,
    66,
    0.16667,
    4,
    9,
    0,
    31
  ],
  [
    116,
    71,
    66,
    0.75,
    4,
    9,
    0,
    31
  ],
  [
    117.25,
    78,
    70,
    0.25,
    3,
    11,
    7,
    33
  ],
  [
    117.5,
    81,
    72,
    0.25,
    2,
    10,
    10,
    32
  ],
  [
    117.75,
    83,
    73,
    0.25,
    2,
    12,
    0,
    34
  ],
  [
    118,
    83,
    73,
    1,
    2,
    12,
    0,
    34
  ],
  [
    119.25,
    81,
    72,
    0.5,
    2,
    10,
    10,
    32
  ],
  [
    119.75,
    83,
    73,
    0.25,
    2,
    12,
    0,
    34
  ],
  [
    120,
    83,
    73,
    0.375,
    2,
    12,
    0,
    34
  ],
  [
    120.375,
    83,
    73,
    0.375,
    2,
    12,
    0,
    34
  ],
  [
    120.75,
    83,
    73,
    0.75,
    2,
    12,
    0,
    34
  ],
  [
    121.5,
    81,
    72,
    0.75,
    2,
    10,
    10,
    32
  ],
  [
    122.5,
    83,
    73,
    0.5,
    2,
    12,
    0,
    34
  ],
  [
    123,
    76,
    69,
    0.25,
    3,
    9,
    5,
    31
  ],
  [
    123.25,
    74,
    68,
    0.25,
    3,
    7,
    3,
    29
  ],
  [
    123.5,
    76,
    69,
    0.25,
    3,
    9,
    5,
    31
  ],
  [
    123.75,
    76,
    69,
    0.25,
    3,
    9,
    5,
    31
  ],
  [
    124.25,
    74,
    68,
    0.25,
    3,
    7,
    3,
    29
  ],
  [
    124.5,
    78,
    70,
    0.25,
    2,
    7,
    7,
    29
  ],
  [
    124.75,
    74,
    68,
    0.5,
    3,
    7,
    3,
    29
  ],
  [
    125.5,
    71,
    66,
    0.25,
    4,
    9,
    0,
    31
  ],
  [
    125.75,
    69,
    65,
    0.25,
    4,
    7,
    10,
    29
  ],
  [
    126,
    71,
    66,
    0.25,
    4,
    9,
    0,
    31
  ],
  [
    126.25,
    71,
    66,
    0.25,
    4,
    9,
    0,
    31
  ],
  [
    126.5,
    69,
    65,
    0.25,
    4,
    7,
    10,
    29
  ],
  [
    126.75,
    62,
    61,
    0.5,
    4,
    0,
    3,
    22
  ],
  [
    127.75,
    66,
    63,
    0.25,
    5,
    9,
    7,
    31
  ],
  [
    128,
    69,
    65,
    0.25,
    4,
    7,
    10,
    29
  ],
  [
    128.25,
    69,
    65,
    0.25,
    4,
    7,
    10,
    29
  ],
  [
    128.5,
    71,
    66,
    0.25,
    4,
    9,
    0,
    31
  ],
  [
    128.75,
    69,
    65,
    0.25,
    4,
    7,
    10,
    29
  ],
  [
    129,
    74,
    68,
    0.25,
    3,
    7,
    3,
    29
  ],
  [
    129.25,
    74,
    68,
    0.25,
    3,
    7,
    3,
    29
  ],
  [
    129.5,
    76,
    69,
    0.25,
    3,
    9,
    5,
    31
  ],
  [
    129.75,
    74,
    68,
    0.25,
    3,
    7,
    3,
    29
  ],
  [
    130,
    76,
    69,
    0.5,
    3,
    9,
    5,
    31
  ],
  [
    130.5,
    83,
    73,
    0.16667,
    1,
    7,
    0,
    29
  ],
  [
    130.66667,
    81,
    72,
    0.16667,
    2,
    10,
    10,
    32
  ],
  [
    131.125,
    83,
    73,
    0.25,
    2,
    12,
    0,
    34
  ],
  [
    131.375,
    86,
    75,
    0.1875,
    1,
    10,
    3,
    32
  ],
  [
    131.5625,
    88,
    76,
    0.25,
    1,
    12,
    5,
    34
  ],
  [
    131.8125,
    86,
    75,
    0.1875,
    1,
    10,
    3,
    32
  ],
  [
    132,
    88,
    76,
    0.25,
    1,
    12,
    5,
    34
  ],
  [
    132.25,
    88,
    76,
    1.5,
    1,
    12,
    5,
    34
  ],
  [
    134.25,
    90,
    77,
    0.375,
    1,
    14,
    7,
    36
  ],
  [
    134.625,
    90,
    77,
    0.375,
    1,
    14,
    7,
    36
  ],
  [
    135,
    90,
    77,
    0.75,
    1,
    14,
    7,
    36
  ],
  [
    135.75,
    90,
    77,
    0.25,
    1,
    14,
    7,
    36
  ],
  [
    136,
    90,
    77,
    0.75,
    1,
    14,
    7,
    36
  ],
  [
    136.75,
    88,
    76,
    0.09375,
    1,
    12,
    5,
    34
  ],
  [
    136.84375,
    86,
    75,
    1,
    2,
    15,
    3,
    37
  ],
  [
    138.5,
    86,
    75,
    0.375,
    1,
    10,
    3,
    32
  ],
  [
    138.875,
    85,
    74,
    0.375,
    1,
    9,
    2,
    31
  ],
  [
    139.25,
    86,
    75,
    0.125,
    1,
    10,
    3,
    32
  ],
  [
    139.375,
    85,
    74,
    0.125,
    1,
    9,
    2,
    31
  ],
  [
    139.5,
    83,
    73,
    0.125,
    1,
    7,
    0,
    29
  ],
  [
    139.625,
    81,
    72,
    0.125,
    2,
    10,
    10,
    32
  ],
  [
    139.75,
    83,
    73,
    0.125,
    1,
    7,
    0,
    29
  ],
  [
    139.875,
    81,
    72,
    0.125,
    2,
    10,
    10,
    32
  ],
  [
    141.5,
    81,
    72,
    0.25,
    2,
    10,
    10,
    32
  ],
  [
    141.75,
    78,
    70,
    0.25,
    2,
    7,
    7,
    29
  ],
  [
    142,
    78,
    70,
    0.375,
    2,
    7,
    7,
    29
  ],
  [
    142.375,
    81,
    72,
    0.375,
    2,
    10,
    10,
    32
  ],
  [
    142.75,
    81,
    72,
    0.16667,
    2,
    10,
    10,
    32
  ],
  [
    142.91667,
    78,
    70,
    0.16667,
    2,
    7,
    7,
    29
  ],
  [
    143.08333,
    81,
    72,
    0.5,
    2,
    10,
    10,
    32
  ],
  [
    144.25,
    81,
    72,
    0.5,
    2,
    10,
    10,
    32
  ],
  [
    144.75,
    81,
    72,
    0.25,
    2,
    10,
    10,
    32
  ],
  [
    145,
    81,
    72,
    0.5,
    2,
    10,
    10,
    32
  ],
  [
    145.5,
    78,
    70,
    0.25,
    2,
    7,
    7,
    29
  ],
  [
    145.75,
    76,
    69,
    0.25,
    3,
    9,
    5,
    31
  ],
  [
    146,
    78,
    70,
    0.25,
    2,
    7,
    7,
    29
  ],
  [
    146.25,
    78,
    70,
    0.25,
    2,
    7,
    7,
    29
  ],
  [
    146.5,
    81,
    72,
    0.25,
    2,
    10,
    10,
    32
  ],
  [
    146.75,
    81,
    72,
    0.75,
    2,
    10,
    10,
    32
  ],
  [
    147.75,
    95,
    80,
    0.25,
    1,
    19,
    0,
    41
  ],
  [
    148,
    95,
    80,
    0.75,
    1,
    19,
    0,
    41
  ],
  [
    148.75,
    95,
    80,
    0.125,
    1,
    19,
    0,
    41
  ],
  [
    148.875,
    93,
    79,
    0.125,
    1,
    17,
    10,
    39
  ],
  [
    149,
    95,
    80,
    1,
    1,
    19,
    0,
    41
  ],
  [
    150.25,
    95,
    80,
    0.375,
    1,
    19,
    0,
    41
  ],
  [
    150.625,
    97,
    81,
    0.375,
    1,
    21,
    2,
    43
  ],
  [
    151,
    97,
    81,
    1,
    1,
    21,
    2,
    43
  ],
  [
    152.25,
    97,
    81,
    0.375,
    1,
    21,
    2,
    43
  ],
  [
    152.625,
    97,
    81,
    0.375,
    1,
    21,
    2,
    43
  ],
  [
    153,
    97,
    81,
    0.75,
    1,
    21,
    2,
    43
  ],
  [
    153.75,
    95,
    80,
    0.125,
    1,
    19,
    0,
    41
  ],
  [
    153.875,
    93,
    79,
    0.125,
    1,
    17,
    10,
    39
  ],
  [
    154,
    95,
    80,
    1,
    1,
    19,
    0,
    41
  ],
  [
    155.25,
    88,
    76,
    0.375,
    2,
    17,
    5,
    39
  ],
  [
    155.75,
    93,
    79,
    0.25,
    1,
    17,
    10,
    39
  ],
  [
    156.5,
    88,
    76,
    0.75,
    2,
    17,
    5,
    39
  ],
  [
    157.5625,
    86,
    75,
    0.125,
    2,
    15,
    3,
    37
  ],
  [
    157.6875,
    83,
    73,
    0.125,
    3,
    16,
    0,
    38
  ],
  [
    157.8125,
    88,
    76,
    0.1875,
    2,
    17,
    5,
    39
  ],
  [
    158,
    88,
    76,
    0.5,
    2,
    17,
    5,
    39
  ],
  [
    159.33333,
    86,
    75,
    0.33333,
    2,
    15,
    3,
    37
  ],
  [
    159.66667,
    88,
    76,
    0.33333,
    2,
    17,
    5,
    39
  ],
  [
    160,
    88,
    76,
    0.125,
    2,
    17,
    5,
    39
  ],
  [
    160.375,
    86,
    75,
    0.125,
    2,
    15,
    3,
    37
  ],
  [
    160.5,
    83,
    73,
    0.5,
    3,
    16,
    0,
    38
  ],
  [
    162.25,
    81,
    72,
    0.5,
    2,
    10,
    10,
    32
  ],
  [
    162.75,
    78,
    70,
    0.25,
    2,
    7,
    7,
    29
  ],
  [
    162.75,
    83,
    73,
    0.25,
    1,
    7,
    0,
    29
  ],
  [
    163,
    78,
    70,
    0.25,
    2,
    7,
    7,
    29
  ],
  [
    163.25,
    81,
    72,
    0.25,
    2,
    10,
    10,
    32
  ],
  [
    163.5,
    76,
    69,
    0.25,
    3,
    9,
    5,
    31
  ],
  [
    163.75,
    78,
    70,
    0.25,
    2,
    7,
    7,
    29
  ],
  [
    164,
    76,
    69,
    0.375,
    3,
    9,
    5,
    31
  ],
  [
    164.375,
    83,
    73,
    0.125,
    1,
    7,
    0,
    29
  ],
  [
    164.5,
    81,
    72,
    0.125,
    2,
    10,
    10,
    32
  ],
  [
    164.625,
    78,
    70,
    0.125,
    2,
    7,
    7,
    29
  ],
  [
    164.75,
    76,
    69,
    0.375,
    3,
    9,
    5,
    31
  ],
  [
    165.125,
    83,
    73,
    0.125,
    1,
    7,
    0,
    29
  ],
  [
    165.25,
    81,
    72,
    0.125,
    2,
    10,
    10,
    32
  ],
  [
    165.375,
    78,
    70,
    0.125,
    2,
    7,
    7,
    29
  ],
  [
    165.5,
    76,
    69,
    0.375,
    3,
    9,
    5,
    31
  ],
  [
    165.875,
    78,
    70,
    0.125,
    2,
    7,
    7,
    29
  ],
  [
    165.875,
    83,
    73,
    0.125,
    1,
    7,
    0,
    29
  ],
  [
    166,
    81,
    72,
    0.125,
    2,
    10,
    10,
    32
  ],
  [
    166.125,
    78,
    70,
    0.125,
    2,
    7,
    7,
    29
  ],
  [
    166.25,
    76,
    69,
    0.375,
    3,
    9,
    5,
    31
  ],
  [
    166.625,
    83,
    73,
    0.125,
    1,
    7,
    0,
    29
  ],
  [
    166.75,
    81,
    72,
    0.125,
    2,
    10,
    10,
    32
  ],
  [
    166.875,
    78,
    70,
    0.125,
    2,
    7,
    7,
    29
  ],
  [
    167,
    76,
    69,
    0.375,
    3,
    9,
    5,
    31
  ],
  [
    167.375,
    78,
    70,
    0.125,
    2,
    7,
    7,
    29
  ],
  [
    167.375,
    83,
    73,
    0.125,
    1,
    7,
    0,
    29
  ],
  [
    167.5,
    81,
    72,
    0.125,
    2,
    10,
    10,
    32
  ],
  [
    167.625,
    78,
    70,
    0.125,
    2,
    7,
    7,
    29
  ],
  [
    167.75,
    76,
    69,
    0.25,
    3,
    9,
    5,
    31
  ],
  [
    168.125,
    78,
    70,
    0.125,
    2,
    7,
    7,
    29
  ],
  [
    168.125,
    83,
    73,
    0.125,
    1,
    7,
    0,
    29
  ],
  [
    168.25,
    81,
    72,
    0.125,
    2,
    10,
    10,
    32
  ],
  [
    168.375,
    78,
    70,
    0.125,
    2,
    7,
    7,
    29
  ],
  [
    168.5,
    76,
    69,
    0.375,
    3,
    9,
    5,
    31
  ],
  [
    168.875,
    83,
    73,
    0.125,
    1,
    7,
    0,
    29
  ],
  [
    169,
    81,
    72,
    0.125,
    2,
    10,
    10,
    32
  ],
  [
    169.125,
    78,
    70,
    0.125,
    2,
    7,
    7,
    29
  ],
  [
    169.25,
    76,
    69,
    0.375,
    3,
    9,
    5,
    31
  ],
  [
    169.625,
    78,
    70,
    0.125,
    2,
    7,
    7,
    29
  ],
  [
    169.625,
    83,
    73,
    0.125,
    1,
    7,
    0,
    29
  ],
  [
    169.75,
    81,
    72,
    0.125,
    2,
    10,
    10,
    32
  ],
  [
    169.875,
    78,
    70,
    0.125,
    2,
    7,
    7,
    29
  ],
  [
    170,
    76,
    69,
    0.375,
    3,
    9,
    5,
    31
  ],
  [
    170.375,
    78,
    70,
    0.125,
    2,
    7,
    7,
    29
  ],
  [
    170.375,
    83,
    73,
    0.125,
    1,
    7,
    0,
    29
  ],
  [
    170.5,
    81,
    72,
    0.125,
    2,
    10,
    10,
    32
  ],
  [
    170.625,
    78,
    70,
    0.125,
    2,
    7,
    7,
    29
  ],
  [
    170.75,
    76,
    69,
    0.375,
    3,
    9,
    5,
    31
  ],
  [
    171.125,
    78,
    70,
    0.125,
    2,
    7,
    7,
    29
  ],
  [
    171.125,
    83,
    73,
    0.125,
    1,
    7,
    0,
    29
  ],
  [
    171.25,
    81,
    72,
    0.125,
    2,
    10,
    10,
    32
  ],
  [
    171.375,
    78,
    70,
    0.125,
    2,
    7,
    7,
    29
  ],
  [
    171.5,
    76,
    69,
    0.375,
    3,
    9,
    5,
    31
  ],
  [
    171.875,
    78,
    70,
    0.125,
    2,
    7,
    7,
    29
  ],
  [
    171.875,
    83,
    73,
    0.125,
    1,
    7,
    0,
    29
  ],
  [
    172,
    81,
    72,
    0.125,
    2,
    10,
    10,
    32
  ],
  [
    172.125,
    78,
    70,
    0.125,
    2,
    7,
    7,
    29
  ],
  [
    172.25,
    76,
    69,
    0.375,
    3,
    9,
    5,
    31
  ],
  [
    172.625,
    78,
    70,
    0.125,
    2,
    7,
    7,
    29
  ],
  [
    172.625,
    83,
    73,
    0.125,
    1,
    7,
    0,
    29
  ],
  [
    172.75,
    81,
    72,
    0.125,
    2,
    10,
    10,
    32
  ],
  [
    172.875,
    78,
    70,
    0.125,
    2,
    7,
    7,
    29
  ],
  [
    173,
    76,
    69,
    0.375,
    3,
    9,
    5,
    31
  ],
  [
    173.375,
    78,
    70,
    0.125,
    2,
    7,
    7,
    29
  ],
  [
    173.375,
    83,
    73,
    0.125,
    1,
    7,
    0,
    29
  ],
  [
    173.5,
    81,
    72,
    0.125,
    2,
    10,
    10,
    32
  ],
  [
    173.625,
    78,
    70,
    0.125,
    2,
    7,
    7,
    29
  ],
  [
    173.75,
    76,
    69,
    0.375,
    3,
    9,
    5,
    31
  ],
  [
    174.125,
    78,
    70,
    0.125,
    2,
    7,
    7,
    29
  ],
  [
    174.125,
    83,
    73,
    0.125,
    1,
    7,
    0,
    29
  ],
  [
    174.25,
    81,
    72,
    0.125,
    2,
    10,
    10,
    32
  ],
  [
    174.375,
    78,
    70,
    0.125,
    2,
    7,
    7,
    29
  ],
  [
    174.5,
    76,
    69,
    0.375,
    3,
    9,
    5,
    31
  ],
  [
    174.875,
    78,
    70,
    0.125,
    2,
    7,
    7,
    29
  ],
  [
    174.875,
    83,
    73,
    0.125,
    1,
    7,
    0,
    29
  ],
  [
    175,
    81,
    72,
    0.125,
    2,
    10,
    10,
    32
  ],
  [
    175.125,
    78,
    70,
    0.125,
    2,
    7,
    7,
    29
  ],
  [
    175.25,
    76,
    69,
    0.375,
    3,
    9,
    5,
    31
  ],
  [
    175.625,
    78,
    70,
    0.125,
    2,
    7,
    7,
    29
  ],
  [
    175.625,
    83,
    73,
    0.125,
    1,
    7,
    0,
    29
  ],
  [
    175.75,
    81,
    72,
    0.125,
    2,
    10,
    10,
    32
  ],
  [
    175.875,
    78,
    70,
    0.125,
    2,
    7,
    7,
    29
  ],
  [
    176,
    76,
    69,
    0.375,
    3,
    9,
    5,
    31
  ],
  [
    176.375,
    78,
    70,
    0.125,
    2,
    7,
    7,
    29
  ],
  [
    176.375,
    83,
    73,
    0.125,
    1,
    7,
    0,
    29
  ],
  [
    176.5,
    81,
    72,
    0.125,
    2,
    10,
    10,
    32
  ],
  [
    176.625,
    78,
    70,
    0.125,
    2,
    7,
    7,
    29
  ],
  [
    176.75,
    76,
    69,
    0.375,
    3,
    9,
    5,
    31
  ],
  [
    177.125,
    78,
    70,
    0.125,
    2,
    7,
    7,
    29
  ],
  [
    177.125,
    83,
    73,
    0.125,
    1,
    7,
    0,
    29
  ],
  [
    177.25,
    81,
    72,
    0.125,
    2,
    10,
    10,
    32
  ],
  [
    177.375,
    78,
    70,
    0.125,
    2,
    7,
    7,
    29
  ],
  [
    177.5,
    76,
    69,
    0.25,
    3,
    9,
    5,
    31
  ],
  [
    177.75,
    74,
    68,
    0.125,
    3,
    7,
    3,
    29
  ],
  [
    177.875,
    71,
    66,
    0.125,
    4,
    9,
    0,
    31
  ],
  [
    178,
    76,
    69,
    0.25,
    3,
    9,
    5,
    31
  ],
  [
    178.25,
    74,
    68,
    0.25,
    3,
    7,
    3,
    29
  ],
  [
    178.5,
    71,
    66,
    0.125,
    4,
    9,
    0,
    31
  ],
  [
    178.625,
    69,
    65,
    0.125,
    4,
    7,
    10,
    29
  ],
  [
    178.75,
    71,
    66,
    0.25,
    4,
    9,
    0,
    31
  ],
  [
    179,
    74,
    68,
    0.25,
    3,
    7,
    3,
    29
  ],
  [
    179.25,
    71,
    66,
    0.25,
    4,
    9,
    0,
    31
  ],
  [
    179.5,
    71,
    66,
    0.25,
    4,
    9,
    0,
    31
  ],
  [
    180,
    83,
    73,
    1,
    2,
    12,
    0,
    34
  ],
  [
    181.25,
    86,
    75,
    0.25,
    1,
    10,
    3,
    32
  ],
  [
    181.5,
    88,
    76,
    0.25,
    1,
    12,
    5,
    34
  ],
  [
    181.75,
    86,
    75,
    0.25,
    1,
    10,
    3,
    32
  ],
  [
    182,
    88,
    76,
    0.5,
    1,
    12,
    5,
    34
  ],
  [
    182.5,
    88,
    76,
    0.25,
    1,
    12,
    5,
    34
  ],
  [
    182.75,
    86,
    75,
    0.25,
    1,
    10,
    3,
    32
  ],
  [
    183,
    88,
    76,
    0.25,
    1,
    12,
    5,
    34
  ],
  [
    183.25,
    86,
    75,
    0.25,
    1,
    10,
    3,
    32
  ],
  [
    183.5,
    83,
    73,
    0.5,
    2,
    12,
    0,
    34
  ],
  [
    184.5,
    86,
    75,
    0.25,
    1,
    10,
    3,
    32
  ],
  [
    185,
    88,
    76,
    0.25,
    1,
    12,
    5,
    34
  ],
  [
    185.25,
    86,
    75,
    0.125,
    1,
    10,
    3,
    32
  ],
  [
    185.375,
    83,
    73,
    0.125,
    2,
    12,
    0,
    34
  ],
  [
    185.5,
    88,
    76,
    0.25,
    1,
    12,
    5,
    34
  ],
  [
    185.75,
    88,
    76,
    0.25,
    1,
    12,
    5,
    34
  ],
  [
    186,
    88,
    76,
    0.375,
    1,
    12,
    5,
    34
  ],
  [
    186.375,
    86,
    75,
    0.125,
    1,
    10,
    3,
    32
  ],
  [
    186.5,
    88,
    76,
    1,
    1,
    12,
    5,
    34
  ],
  [
    187.5,
    90,
    77,
    0.25,
    1,
    14,
    7,
    36
  ],
  [
    187.75,
    93,
    79,
    0.25,
    1,
    17,
    10,
    39
  ],
  [
    188,
    95,
    80,
    0.75,
    1,
    19,
    0,
    41
  ],
  [
    188.75,
    95,
    80,
    0.5,
    1,
    19,
    0,
    41
  ],
  [
    189.25,
    95,
    80,
    0.5,
    1,
    19,
    0,
    41
  ],
  [
    190,
    95,
    80,
    0.25,
    1,
    19,
    0,
    41
  ],
  [
    190.375,
    95,
    80,
    0.25,
    1,
    19,
    0,
    41
  ],
  [
    190.75,
    95,
    80,
    0.25,
    1,
    19,
    0,
    41
  ],
  [
    191.125,
    95,
    80,
    0.25,
    1,
    19,
    0,
    41
  ],
  [
    191.5,
    95,
    80,
    0.25,
    1,
    19,
    0,
    41
  ],
  [
    191.75,
    93,
    79,
    0.25,
    1,
    17,
    10,
    39
  ],
  [
    192,
    95,
    80,
    0.75,
    1,
    19,
    0,
    41
  ],
  [
    192.75,
    95,
    80,
    0.5,
    1,
    19,
    0,
    41
  ],
  [
    193.25,
    95,
    80,
    0.75,
    1,
    19,
    0,
    41
  ],
  [
    194.25,
    95,
    80,
    0.5,
    1,
    19,
    0,
    41
  ],
  [
    194.75,
    90,
    77,
    0.25,
    2,
    19,
    7,
    41
  ],
  [
    194.75,
    95,
    80,
    0.25,
    1,
    19,
    0,
    41
  ],
  [
    195,
    90,
    77,
    0.25,
    2,
    19,
    7,
    41
  ],
  [
    195,
    95,
    80,
    0.25,
    1,
    19,
    0,
    41
  ],
  [
    195.25,
    95,
    80,
    0.25,
    1,
    19,
    0,
    41
  ],
  [
    196,
    88,
    76,
    1,
    2,
    17,
    5,
    39
  ],
  [
    197,
    93,
    79,
    1,
    1,
    17,
    10,
    39
  ],
  [
    198,
    88,
    76,
    1,
    2,
    17,
    5,
    39
  ],
  [
    199,
    93,
    79,
    1,
    1,
    17,
    10,
    39
  ],
  [
    200,
    88,
    76,
    1,
    2,
    17,
    5,
    39
  ],
  [
    201,
    93,
    79,
    1,
    1,
    17,
    10,
    39
  ],
  [
    202,
    88,
    76,
    1,
    2,
    17,
    5,
    39
  ],
  [
    203,
    93,
    79,
    1,
    1,
    17,
    10,
    39
  ],
  [
    204,
    88,
    76,
    1,
    2,
    17,
    5,
    39
  ],
  [
    205,
    93,
    79,
    1,
    1,
    17,
    10,
    39
  ],
  [
    206,
    88,
    76,
    1,
    2,
    17,
    5,
    39
  ],
  [
    207,
    93,
    79,
    1,
    1,
    17,
    10,
    39
  ],
  [
    208,
    88,
    76,
    1,
    2,
    17,
    5,
    39
  ],
  [
    209,
    93,
    79,
    1,
    1,
    17,
    10,
    39
  ],
  [
    210,
    88,
    76,
    1,
    2,
    17,
    5,
    39
  ],
  [
    211,
    93,
    79,
    1,
    1,
    17,
    10,
    39
  ],
  [
    212,
    88,
    76,
    1,
    2,
    17,
    5,
    39
  ],
  [
    213,
    93,
    79,
    1,
    1,
    17,
    10,
    39
  ],
  [
    214,
    88,
    76,
    1,
    2,
    17,
    5,
    39
  ],
  [
    215,
    93,
    79,
    1,
    1,
    17,
    10,
    39
  ],
  [
    216,
    88,
    76,
    1,
    2,
    17,
    5,
    39
  ],
  [
    217,
    93,
    79,
    1,
    1,
    17,
    10,
    39
  ],
  [
    218,
    88,
    76,
    1,
    2,
    17,
    5,
    39
  ],
  [
    219,
    93,
    79,
    0.5,
    1,
    17,
    10,
    39
  ],
  [
    219.5,
    93,
    79,
    0.25,
    1,
    17,
    10,
    39
  ],
  [
    219.75,
    95,
    80,
    0.25,
    1,
    19,
    0,
    41
  ],
  [
    220,
    95,
    80,
    1,
    1,
    19,
    0,
    41
  ],
  [
    221.25,
    95,
    80,
    0.375,
    1,
    19,
    0,
    41
  ],
  [
    221.625,
    97,
    81,
    0.375,
    1,
    21,
    2,
    43
  ],
  [
    222,
    97,
    81,
    0.375,
    1,
    21,
    2,
    43
  ],
  [
    222.375,
    97,
    81,
    0.375,
    1,
    21,
    2,
    43
  ],
  [
    222.75,
    95,
    80,
    0.25,
    1,
    19,
    0,
    41
  ],
  [
    223,
    93,
    79,
    0.375,
    1,
    17,
    10,
    39
  ],
  [
    223.375,
    90,
    77,
    0.375,
    1,
    14,
    7,
    36
  ],
  [
    223.75,
    88,
    76,
    0.25,
    2,
    17,
    5,
    39
  ],
  [
    224,
    88,
    76,
    0.375,
    2,
    17,
    5,
    39
  ],
  [
    224.375,
    93,
    79,
    0.5,
    1,
    17,
    10,
    39
  ],
  [
    225.25,
    88,
    76,
    0.25,
    2,
    17,
    5,
    39
  ],
  [
    225.5,
    86,
    75,
    0.125,
    2,
    15,
    3,
    37
  ],
  [
    225.625,
    83,
    73,
    0.125,
    3,
    16,
    0,
    38
  ],
  [
    225.75,
    88,
    76,
    0.25,
    2,
    17,
    5,
    39
  ],
  [
    226,
    88,
    76,
    0.25,
    2,
    17,
    5,
    39
  ],
  [
    226.25,
    88,
    76,
    0.375,
    2,
    17,
    5,
    39
  ],
  [
    226.625,
    86,
    75,
    0.125,
    2,
    15,
    3,
    37
  ],
  [
    226.75,
    83,
    73,
    0.25,
    3,
    16,
    0,
    38
  ],
  [
    228,
    81,
    72,
    1,
    2,
    10,
    10,
    32
  ],
  [
    228,
    83,
    73,
    1,
    1,
    7,
    0,
    29
  ],
  [
    230.25,
    81,
    72,
    0.375,
    2,
    10,
    10,
    32
  ],
  [
    230.25,
    83,
    73,
    0.375,
    1,
    7,
    0,
    29
  ],
  [
    230.625,
    81,
    72,
    0.375,
    2,
    10,
    10,
    32
  ],
  [
    230.625,
    83,
    73,
    0.375,
    1,
    7,
    0,
    29
  ],
  [
    231,
    81,
    72,
    0.5,
    2,
    10,
    10,
    32
  ],
  [
    231,
    83,
    73,
    0.5,
    1,
    7,
    0,
    29
  ],
  [
    232,
    83,
    73,
    1,
    2,
    12,
    0,
    34
  ],
  [
    232,
    85,
    74,
    1,
    1,
    9,
    2,
    31
  ],
  [
    234.25,
    83,
    73,
    0.375,
    2,
    12,
    0,
    34
  ],
  [
    234.25,
    85,
    74,
    0.375,
    1,
    9,
    2,
    31
  ],
  [
    234.625,
    83,
    73,
    0.375,
    2,
    12,
    0,
    34
  ],
  [
    234.625,
    85,
    74,
    0.375,
    1,
    9,
    2,
    31
  ],
  [
    235,
    83,
    73,
    0.5,
    2,
    12,
    0,
    34
  ],
  [
    235,
    85,
    74,
    0.5,
    1,
    9,
    2,
    31
  ],
  [
    236,
    84,
    74,
    1.5,
    2,
    13,
    1,
    35
  ],
  [
    236,
    86,
    75,
    1.5,
    1,
    10,
    3,
    32
  ],
  [
    238,
    86,
    75,
    1.5,
    2,
    15,
    3,
    37
  ],
  [
    238,
    88,
    76,
    1.5,
    1,
    12,
    5,
    34
  ],
  [
    240,
    88,
    76,
    0.5,
    2,
    17,
    5,
    39
  ],
  [
    240.5,
    93,
    79,
    0.25,
    1,
    17,
    10,
    39
  ],
  [
    240.75,
    88,
    76,
    0.5,
    2,
    17,
    5,
    39
  ],
  [
    241.25,
    93,
    79,
    0.25,
    1,
    17,
    10,
    39
  ],
  [
    241.5,
    88,
    76,
    0.5,
    2,
    17,
    5,
    39
  ],
  [
    242,
    93,
    79,
    0.25,
    1,
    17,
    10,
    39
  ],
  [
    242.25,
    88,
    76,
    0.5,
    2,
    17,
    5,
    39
  ],
  [
    242.75,
    93,
    79,
    0.25,
    1,
    17,
    10,
    39
  ],
  [
    243,
    88,
    76,
    0.5,
    2,
    17,
    5,
    39
  ],
  [
    243.5,
    93,
    79,
    0.25,
    1,
    17,
    10,
    39
  ],
  [
    243.8125,
    95,
    80,
    0.1875,
    1,
    19,
    0,
    41
  ],
  [
    244,
    95,
    80,
    2,
    1,
    19,
    0,
    41
  ],
  [
    246.125,
    76,
    69,
    0.125,
    1,
    0,
    5,
    22
  ],
  [
    246.25,
    95,
    80,
    0.375,
    1,
    19,
    0,
    41
  ],
  [
    246.625,
    93,
    79,
    0.375,
    1,
    17,
    10,
    39
  ],
  [
    247,
    91,
    78,
    0.25,
    1,
    15,
    8,
    37
  ],
  [
    247.25,
    90,
    77,
    0.125,
    1,
    14,
    7,
    36
  ],
  [
    247.375,
    91,
    78,
    0.125,
    1,
    15,
    8,
    37
  ],
  [
    247.5,
    90,
    77,
    0.125,
    1,
    14,
    7,
    36
  ],
  [
    247.625,
    88,
    76,
    0.16667,
    2,
    17,
    5,
    39
  ],
  [
    247.79167,
    86,
    75,
    0.16667,
    2,
    15,
    3,
    37
  ],
  [
    248,
    86,
    75,
    0.75,
    2,
    15,
    3,
    37
  ],
  [
    248.75,
    85,
    74,
    0.125,
    2,
    14,
    2,
    36
  ],
  [
    248.875,
    86,
    75,
    0.125,
    2,
    15,
    3,
    37
  ],
  [
    249,
    81,
    72,
    1,
    3,
    14,
    10,
    36
  ],
  [
    250.75,
    64,
    62,
    0.75,
    6,
    12,
    5,
    34
  ],
  [
    252,
    55,
    57,
    1.5,
    6,
    3,
    8,
    25
  ],
  [
    253.5,
    54,
    56,
    0.5,
    6,
    2,
    7,
    24
  ],
  [
    254,
    52,
    55,
    0.5,
    6,
    0,
    5,
    22
  ],
  [
    255.25,
    59,
    59,
    0.25,
    6,
    7,
    0,
    29
  ],
  [
    255.5,
    62,
    61,
    0.25,
    5,
    5,
    3,
    27
  ],
  [
    255.75,
    64,
    62,
    0.25,
    5,
    7,
    5,
    29
  ]
]