[
  [
    3,
    86,
    75,
    1,
    2,
    15,
    10,
    20
  ],
  [
    8.5,
    67,
    64,
    0.5,
    3,
    0,
    3,
    5
  ],
  [
    9,
    88,
    76,
    0.5,
    1,
    12,
    0,
    17
  ],
  [
    10,
    86,
    75,
    1,
    2,
    15,
    10,
    20
  ],
  [
    11,
    83,
    73,
    0.5,
    2,
    12,
    7,
    17
  ],
  [
    11.5,
    81,
    72,
    0.5,
    3,
    14,
    5,
    19
  ],
  [
    12.5,
    79,
    71,
    0.5,
    3,
    12,
    3,
    17
  ],
  [
    16.5,
    86,
    75,
    1.5,
    2,
    15,
    10,
    20
  ],
  [
    19,
    88,
    76,
    0.25,
    1,
    12,
    0,
    17
  ],
  [
    19.25,
    91,
    78,
    0.25,
    1,
    15,
    3,
    20
  ],
  [
    19.5,
    88,
    76,
    0.5,
    1,
    12,
    0,
    17
  ],
  [
    20,
    91,
    78,
    1.5,
    1,
    15,
    3,
    20
  ],
  [
    22.66667,
    93,
    79,
    0.66667,
    1,
    17,
    5,
    22
  ],
  [
    23.33333,
    93,
    79,
    0.66667,
    1,
    17,
    5,
    22
  ],
  [
    24,
    93,
    79,
    1,
    1,
    17,
    5,
    22
  ],
  [
    25.5,
    91,
    78,
    0.5,
    1,
    15,
    3,
    20
  ],
  [
    27,
    91,
    78,
    0.5,
    1,
    15,
    3,
    20
  ],
  [
    27.5,
    90,
    77,
    0.5,
    1,
    14,
    2,
    19
  ],
  [
    28,
    90,
    77,
    0.25,
    1,
    14,
    2,
    19
  ],
  [
    28.25,
    86,
    75,
    0.75,
    2,
    15,
    10,
    20
  ],
  [
    29,
    86,
    75,
    0.75,
    2,
    15,
    10,
    20
  ],
  [
    29.75,
    83,
    73,
    0.25,
    2,
    12,
    7,
    17
  ],
  [
    30,
    86,
    75,
    1,
    2,
    15,
    10,
    20
  ],
  [
    31,
    86,
    75,
    1,
    2,
    15,
    10,
    20
  ],
  [
    32.25,
    83,
    73,
    0.25,
    2,
    12,
    7,
    17
  ],
  [
    33.5,
    81,
    72,
    0.5,
    3,
    14,
    5,
    19
  ],
  [
    35,
    81,
    72,
    0.5,
    3,
    14,
    5,
    19
  ],
  [
    35.5,
    79,
    71,
    0.5,
    3,
    12,
    3,
    17
  ],
  [
    36.25,
    76,
    69,
    0.75,
    4,
    14,
    0,
    19
  ],
  [
    37,
    79,
    71,
    0.5,
    3,
    12,
    3,
    17
  ],
  [
    38.5,
    81,
    72,
    0.25,
    3,
    14,
    5,
    19
  ],
  [
    38.5,
    85,
    74,
    0.25,
    2,
    14,
    9,
    19
  ],
  [
    38.75,
    81,
    72,
    0.25,
    3,
    14,
    5,
    19
  ],
  [
    38.75,
    85,
    74,
    0.25,
    2,
    14,
    9,
    19
  ],
  [
    39.25,
    81,
    72,
    0.25,
    3,
    14,
    5,
    19
  ],
  [
    39.25,
    85,
    74,
    0.25,
    2,
    14,
    9,
    19
  ],
  [
    39.5,
    81,
    72,
    0.5,
    3,
    14,
    5,
    19
  ],
  [
    39.5,
    85,
    74,
    0.5,
    2,
    14,
    9,
    19
  ],
  [
    40,
    81,
    72,
    0.5,
    3,
    14,
    5,
    19
  ],
  [
    40,
    85,
    74,
    0.5,
    2,
    14,
    9,
    19
  ],
  [
    40.5,
    79,
    71,
    0.5,
    3,
    12,
    3,
    17
  ],
  [
    40.5,
    83,
    73,
    0.5,
    2,
    12,
    7,
    17
  ],
  [
    41,
    57,
    58,
    0.25,
    5,
    0,
    5,
    5
  ],
  [
    41,
    62,
    61,
    0.25,
    4,
    0,
    10,
    5
  ],
  [
    41.25,
    76,
    69,
    0.75,
    4,
    14,
    0,
    19
  ],
  [
    42,
    71,
    66,
    0.25,
    5,
    14,
    7,
    19
  ],
  [
    42.25,
    69,
    65,
    0.25,
    5,
    12,
    5,
    17
  ],
  [
    42.5,
    67,
    64,
    0.5,
    5,
    10,
    3,
    15
  ],
  [
    43,
    69,
    65,
    0.5,
    5,
    12,
    5,
    17
  ],
  [
    43.5,
    69,
    65,
    0.25,
    5,
    12,
    5,
    17
  ],
  [
    43.75,
    71,
    66,
    0.25,
    5,
    14,
    7,
    19
  ],
  [
    44.5,
    79,
    71,
    0.5,
    3,
    12,
    3,
    17
  ],
  [
    44.5,
    83,
    73,
    0.5,
    2,
    12,
    7,
    17
  ],
  [
    45.25,
    79,
    71,
    0.5,
    3,
    12,
    3,
    17
  ],
  [
    45.25,
    83,
    73,
    0.5,
    2,
    12,
    7,
    17
  ],
  [
    46,
    79,
    71,
    0.25,
    3,
    12,
    3,
    17
  ],
  [
    46,
    83,
    73,
    0.25,
    2,
    12,
    7,
    17
  ],
  [
    46.25,
    74,
    68,
    0.5,
    4,
    12,
    10,
    17
  ],
  [
    46.75,
    79,
    71,
    0.25,
    3,
    12,
    3,
    17
  ],
  [
    46.75,
    83,
    73,
    0.25,
    2,
    12,
    7,
    17
  ],
  [
    47,
    74,
    68,
    0.5,
    4,
    12,
    10,
    17
  ],
  [
    47.5,
    79,
    71,
    0.25,
    3,
    12,
    3,
    17
  ],
  [
    47.5,
    83,
    73,
    0.25,
    2,
    12,
    7,
    17
  ],
  [
    47.75,
    76,
    69,
    0.25,
    4,
    14,
    0,
    19
  ],
  [
    49,
    71,
    66,
    0.5,
    5,
    14,
    7,
    19
  ],
  [
    49.75,
    83,
    73,
    0.25,
    2,
    12,
    7,
    17
  ],
  [
    50.25,
    83,
    73,
    0.25,
    2,
    12,
    7,
    17
  ],
  [
    50.5,
    83,
    73,
    0.5,
    2,
    12,
    7,
    17
  ],
  [
    51,
    91,
    78,
    0.25,
    1,
    15,
    3,
    20
  ],
  [
    51.25,
    83,
    73,
    0.25,
    2,
    12,
    7,
    17
  ],
  [
    51.25,
    88,
    76,
    0.25,
    1,
    12,
    0,
    17
  ],
  [
    52,
    86,
    75,
    1,
    2,
    15,
    10,
    20
  ],
  [
    53,
    88,
    76,
    0.5,
    1,
    12,
    0,
    17
  ],
  [
    53.5,
    86,
    75,
    0.5,
    2,
    15,
    10,
    20
  ],
  [
    54,
    88,
    76,
    0.5,
    1,
    12,
    0,
    17
  ],
  [
    54.5,
    86,
    75,
    0.5,
    2,
    15,
    10,
    20
  ],
  [
    55,
    88,
    76,
    1,
    1,
    12,
    0,
    17
  ],
  [
    56.5,
    86,
    75,
    0.5,
    2,
    15,
    10,
    20
  ],
  [
    57,
    88,
    76,
    0.5,
    1,
    12,
    0,
    17
  ],
  [
    57.5,
    91,
    78,
    0.5,
    1,
    15,
    3,
    20
  ],
  [
    58,
    91,
    78,
    1,
    1,
    15,
    3,
    20
  ],
  [
    59,
    83,
    73,
    0.5,
    2,
    12,
    7,
    17
  ],
  [
    59.5,
    91,
    78,
    0.5,
    1,
    15,
    3,
    20
  ],
  [
    61,
    91,
    78,
    0.5,
    1,
    15,
    3,
    20
  ],
  [
    61.5,
    90,
    77,
    0.5,
    1,
    14,
    2,
    19
  ],
  [
    62,
    90,
    77,
    0.25,
    1,
    14,
    2,
    19
  ],
  [
    62.25,
    86,
    75,
    0.75,
    2,
    15,
    10,
    20
  ],
  [
    63,
    86,
    75,
    1,
    2,
    15,
    10,
    20
  ],
  [
    65,
    95,
    80,
    1,
    1,
    19,
    7,
    24
  ],
  [
    67,
    95,
    80,
    0.5,
    1,
    19,
    7,
    24
  ],
  [
    67.5,
    94,
    79,
    0.5,
    1,
    18,
    6,
    23
  ],
  [
    68,
    93,
    79,
    0.5,
    1,
    17,
    5,
    22
  ],
  [
    68.5,
    91,
    78,
    0.5,
    1,
    15,
    3,
    20
  ],
  [
    69,
    88,
    76,
    0.25,
    2,
    17,
    0,
    22
  ],
  [
    69.25,
    88,
    76,
    0.75,
    2,
    17,
    0,
    22
  ],
  [
    70,
    88,
    76,
    2,
    2,
    17,
    0,
    22
  ],
  [
    73,
    81,
    72,
    0.5,
    3,
    14,
    5,
    19
  ],
  [
    73.5,
    88,
    76,
    0.5,
    1,
    12,
    0,
    17
  ],
  [
    74,
    88,
    76,
    1,
    1,
    12,
    0,
    17
  ],
  [
    75,
    86,
    75,
    0.5,
    2,
    15,
    10,
    20
  ],
  [
    75.5,
    81,
    72,
    0.25,
    3,
    14,
    5,
    19
  ],
  [
    76.5,
    81,
    72,
    0.5,
    3,
    14,
    5,
    19
  ],
  [
    77,
    79,
    71,
    1,
    3,
    12,
    3,
    17
  ],
  [
    78,
    76,
    69,
    1,
    4,
    14,
    0,
    19
  ],
  [
    79,
    71,
    66,
    0.25,
    5,
    14,
    7,
    19
  ],
  [
    79.25,
    69,
    65,
    0.25,
    5,
    12,
    5,
    17
  ],
  [
    79.5,
    67,
    64,
    0.5,
    5,
    10,
    3,
    15
  ],
  [
    80,
    71,
    66,
    2,
    5,
    14,
    7,
    19
  ],
  [
    82,
    79,
    71,
    0.25,
    3,
    12,
    3,
    17
  ],
  [
    82,
    83,
    73,
    0.25,
    2,
    12,
    7,
    17
  ],
  [
    82.5,
    67,
    64,
    0.25,
    3,
    0,
    3,
    5
  ],
  [
    82.5,
    71,
    66,
    0.25,
    2,
    0,
    7,
    5
  ],
  [
    82.75,
    79,
    71,
    0.25,
    3,
    12,
    3,
    17
  ],
  [
    82.75,
    83,
    73,
    0.25,
    2,
    12,
    7,
    17
  ],
  [
    83.25,
    67,
    64,
    0.25,
    3,
    0,
    3,
    5
  ],
  [
    83.25,
    83,
    73,
    0.25,
    2,
    12,
    7,
    17
  ],
  [
    83.5,
    79,
    71,
    0.25,
    3,
    12,
    3,
    17
  ],
  [
    83.5,
    83,
    73,
    0.25,
    2,
    12,
    7,
    17
  ],
  [
    84,
    67,
    64,
    0.25,
    3,
    0,
    3,
    5
  ],
  [
    84,
    71,
    66,
    0.25,
    2,
    0,
    7,
    5
  ],
  [
    84.25,
    79,
    71,
    0.25,
    3,
    12,
    3,
    17
  ],
  [
    84.25,
    83,
    73,
    0.25,
    2,
    12,
    7,
    17
  ],
  [
    84.75,
    67,
    64,
    0.25,
    3,
    0,
    3,
    5
  ],
  [
    84.75,
    71,
    66,
    0.25,
    2,
    0,
    7,
    5
  ],
  [
    85,
    79,
    71,
    0.25,
    3,
    12,
    3,
    17
  ],
  [
    85,
    83,
    73,
    0.25,
    2,
    12,
    7,
    17
  ],
  [
    85.5,
    67,
    64,
    0.25,
    3,
    0,
    3,
    5
  ],
  [
    85.5,
    71,
    66,
    0.25,
    2,
    0,
    7,
    5
  ],
  [
    85.75,
    79,
    71,
    0.25,
    3,
    12,
    3,
    17
  ],
  [
    85.75,
    83,
    73,
    0.25,
    2,
    12,
    7,
    17
  ],
  [
    86.25,
    79,
    71,
    0.25,
    3,
    12,
    3,
    17
  ],
  [
    86.25,
    83,
    73,
    0.25,
    2,
    12,
    7,
    17
  ],
  [
    86.5,
    79,
    71,
    0.25,
    3,
    12,
    3,
    17
  ],
  [
    86.5,
    83,
    73,
    0.25,
    2,
    12,
    7,
    17
  ],
  [
    86.75,
    67,
    64,
    0.25,
    3,
    0,
    3,
    5
  ],
  [
    86.75,
    71,
    66,
    0.25,
    2,
    0,
    7,
    5
  ],
  [
    87,
    67,
    64,
    0.25,
    3,
    0,
    3,
    5
  ],
  [
    87,
    71,
    66,
    0.25,
    2,
    0,
    7,
    5
  ],
  [
    87.25,
    79,
    71,
    0.25,
    3,
    12,
    3,
    17
  ],
  [
    87.25,
    83,
    73,
    0.25,
    2,
    12,
    7,
    17
  ],
  [
    87.75,
    67,
    64,
    0.25,
    3,
    0,
    3,
    5
  ],
  [
    87.75,
    71,
    66,
    0.25,
    2,
    0,
    7,
    5
  ],
  [
    88,
    79,
    71,
    0.25,
    3,
    12,
    3,
    17
  ],
  [
    88,
    83,
    73,
    0.25,
    2,
    12,
    7,
    17
  ],
  [
    88.5,
    67,
    64,
    0.25,
    3,
    0,
    3,
    5
  ],
  [
    88.5,
    71,
    66,
    0.25,
    2,
    0,
    7,
    5
  ],
  [
    88.75,
    79,
    71,
    0.25,
    3,
    12,
    3,
    17
  ],
  [
    88.75,
    83,
    73,
    0.25,
    2,
    12,
    7,
    17
  ],
  [
    89.25,
    67,
    64,
    0.25,
    3,
    0,
    3,
    5
  ],
  [
    89.25,
    71,
    66,
    0.25,
    2,
    0,
    7,
    5
  ],
  [
    89.5,
    79,
    71,
    0.25,
    3,
    12,
    3,
    17
  ],
  [
    89.5,
    83,
    73,
    0.25,
    2,
    12,
    7,
    17
  ],
  [
    89.75,
    67,
    64,
    0.25,
    3,
    0,
    3,
    5
  ],
  [
    89.75,
    71,
    66,
    0.25,
    2,
    0,
    7,
    5
  ],
  [
    90,
    67,
    64,
    0.25,
    3,
    0,
    3,
    5
  ],
  [
    90,
    71,
    66,
    0.25,
    2,
    0,
    7,
    5
  ],
  [
    90.25,
    79,
    71,
    0.25,
    3,
    12,
    3,
    17
  ],
  [
    90.25,
    83,
    73,
    0.25,
    2,
    12,
    7,
    17
  ],
  [
    90.5,
    67,
    64,
    0.25,
    3,
    0,
    3,
    5
  ],
  [
    90.5,
    71,
    66,
    0.25,
    2,
    0,
    7,
    5
  ],
  [
    90.75,
    67,
    64,
    0.25,
    3,
    0,
    3,
    5
  ],
  [
    90.75,
    71,
    66,
    0.25,
    2,
    0,
    7,
    5
  ],
  [
    91,
    79,
    71,
    0.25,
    3,
    12,
    3,
    17
  ],
  [
    91,
    83,
    73,
    0.25,
    2,
    12,
    7,
    17
  ],
  [
    91.25,
    81,
    72,
    0.75,
    3,
    14,
    5,
    19
  ],
  [
    91.25,
    85,
    74,
    0.75,
    2,
    14,
    9,
    19
  ],
  [
    92,
    81,
    72,
    0.25,
    3,
    14,
    5,
    19
  ],
  [
    92,
    85,
    74,
    0.25,
    2,
    14,
    9,
    19
  ],
  [
    92.25,
    79,
    71,
    0.5,
    3,
    12,
    3,
    17
  ],
  [
    92.25,
    83,
    73,
    0.5,
    2,
    12,
    7,
    17
  ],
  [
    92.75,
    79,
    71,
    0.25,
    3,
    12,
    3,
    17
  ],
  [
    92.75,
    83,
    73,
    0.25,
    2,
    12,
    7,
    17
  ],
  [
    93,
    79,
    71,
    0.25,
    3,
    12,
    3,
    17
  ],
  [
    93,
    83,
    73,
    0.25,
    2,
    12,
    7,
    17
  ],
  [
    93.25,
    79,
    71,
    0.25,
    3,
    12,
    3,
    17
  ],
  [
    93.25,
    83,
    73,
    0.25,
    2,
    12,
    7,
    17
  ],
  [
    93.5,
    79,
    71,
    0.5,
    3,
    12,
    3,
    17
  ],
  [
    93.5,
    83,
    73,
    0.5,
    2,
    12,
    7,
    17
  ],
  [
    94,
    79,
    71,
    0.25,
    3,
    12,
    3,
    17
  ],
  [
    94,
    83,
    73,
    0.25,
    2,
    12,
    7,
    17
  ],
  [
    94.25,
    79,
    71,
    0.25,
    3,
    12,
    3,
    17
  ],
  [
    94.25,
    83,
    73,
    0.25,
    2,
    12,
    7,
    17
  ],
  [
    94.75,
    79,
    71,
    0.25,
    3,
    12,
    3,
    17
  ],
  [
    94.75,
    83,
    73,
    0.25,
    2,
    12,
    7,
    17
  ],
  [
    94.75,
    88,
    76,
    0.25,
    1,
    12,
    0,
    17
  ],
  [
    95,
    79,
    71,
    0.5,
    3,
    12,
    3,
    17
  ],
  [
    95,
    83,
    73,
    0.5,
    2,
    12,
    7,
    17
  ],
  [
    95,
    88,
    76,
    0.5,
    1,
    12,
    0,
    17
  ],
  [
    95.5,
    67,
    64,
    0.5,
    3,
    0,
    3,
    5
  ],
  [
    95.5,
    71,
    66,
    0.5,
    2,
    0,
    7,
    5
  ],
  [
    96,
    81,
    72,
    0.5,
    3,
    14,
    5,
    19
  ],
  [
    96.5,
    83,
    73,
    0.5,
    2,
    12,
    7,
    17
  ],
  [
    97,
    88,
    76,
    0.5,
    1,
    12,
    0,
    17
  ],
  [
    97.5,
    86,
    75,
    0.5,
    2,
    15,
    10,
    20
  ],
  [
    98,
    81,
    72,
    0.25,
    3,
    14,
    5,
    19
  ],
  [
    99,
    81,
    72,
    0.5,
    3,
    14,
    5,
    19
  ],
  [
    99.5,
    79,
    71,
    0.5,
    3,
    12,
    3,
    17
  ],
  [
    100,
    76,
    69,
    1,
    4,
    14,
    0,
    19
  ],
  [
    101,
    79,
    71,
    0.5,
    3,
    12,
    3,
    17
  ],
  [
    102.66667,
    86,
    75,
    0.66667,
    2,
    15,
    10,
    20
  ],
  [
    103.33333,
    88,
    76,
    0.66667,
    1,
    12,
    0,
    17
  ],
  [
    104,
    86,
    75,
    2,
    2,
    15,
    10,
    20
  ],
  [
    106.5,
    86,
    75,
    1,
    2,
    15,
    10,
    20
  ],
  [
    107.5,
    88,
    76,
    0.5,
    1,
    12,
    0,
    17
  ],
  [
    108,
    91,
    78,
    0.5,
    1,
    15,
    3,
    20
  ],
  [
    108.5,
    90,
    77,
    0.5,
    1,
    14,
    2,
    19
  ],
  [
    109,
    91,
    78,
    1,
    1,
    15,
    3,
    20
  ],
  [
    110.66667,
    90,
    77,
    0.66667,
    1,
    14,
    2,
    19
  ],
  [
    111.33333,
    90,
    77,
    0.66667,
    1,
    14,
    2,
    19
  ],
  [
    114.66667,
    88,
    76,
    0.66667,
    1,
    12,
    0,
    17
  ],
  [
    115.33333,
    86,
    75,
    0.66667,
    2,
    15,
    10,
    20
  ],
  [
    116,
    86,
    75,
    1,
    2,
    15,
    10,
    20
  ],
  [
    117,
    86,
    75,
    0.5,
    2,
    15,
    10,
    20
  ],
  [
    117.5,
    81,
    72,
    0.5,
    3,
    14,
    5,
    19
  ],
  [
    118.5,
    81,
    72,
    0.5,
    3,
    14,
    5,
    19
  ],
  [
    119,
    79,
    71,
    1,
    3,
    12,
    3,
    17
  ],
  [
    121.75,
    81,
    72,
    0.25,
    3,
    14,
    5,
    19
  ],
  [
    123,
    81,
    72,
    0.75,
    3,
    14,
    5,
    19
  ],
  [
    124,
    81,
    72,
    0.25,
    3,
    14,
    5,
    19
  ],
  [
    124.5,
    79,
    71,
    0.5,
    3,
    12,
    3,
    17
  ],
  [
    125,
    81,
    72,
    0.5,
    3,
    14,
    5,
    19
  ],
  [
    125.5,
    79,
    71,
    0.5,
    3,
    12,
    3,
    17
  ],
  [
    126,
    76,
    69,
    3,
    4,
    14,
    0,
    19
  ],
  [
    130,
    79,
    71,
    1,
    3,
    12,
    3,
    17
  ],
  [
    130,
    83,
    73,
    1,
    2,
    12,
    7,
    17
  ],
  [
    131,
    67,
    64,
    0.5,
    3,
    0,
    3,
    5
  ],
  [
    131,
    71,
    66,
    0.5,
    2,
    0,
    7,
    5
  ],
  [
    131.5,
    79,
    71,
    0.5,
    3,
    12,
    3,
    17
  ],
  [
    131.5,
    83,
    73,
    0.5,
    2,
    12,
    7,
    17
  ],
  [
    132,
    67,
    64,
    0.25,
    3,
    0,
    3,
    5
  ],
  [
    132,
    71,
    66,
    0.25,
    2,
    0,
    7,
    5
  ],
  [
    132.25,
    79,
    71,
    0.25,
    3,
    12,
    3,
    17
  ],
  [
    132.25,
    83,
    73,
    0.25,
    2,
    12,
    7,
    17
  ],
  [
    133,
    81,
    72,
    0.75,
    3,
    14,
    5,
    19
  ],
  [
    133,
    85,
    74,
    0.75,
    2,
    14,
    9,
    19
  ],
  [
    133.75,
    79,
    71,
    0.25,
    3,
    12,
    3,
    17
  ],
  [
    133.75,
    83,
    73,
    0.25,
    2,
    12,
    7,
    17
  ],
  [
    136,
    81,
    72,
    0.5,
    3,
    14,
    5,
    19
  ],
  [
    137,
    88,
    76,
    0.5,
    1,
    12,
    0,
    17
  ],
  [
    137.5,
    86,
    75,
    0.5,
    2,
    15,
    10,
    20
  ],
  [
    138,
    81,
    72,
    1,
    3,
    14,
    5,
    19
  ],
  [
    139,
    81,
    72,
    1,
    3,
    14,
    5,
    19
  ],
  [
    140,
    81,
    72,
    0.5,
    3,
    14,
    5,
    19
  ],
  [
    140.5,
    79,
    71,
    0.5,
    3,
    12,
    3,
    17
  ],
  [
    141.25,
    76,
    69,
    0.75,
    4,
    14,
    0,
    19
  ],
  [
    142,
    79,
    71,
    1,
    3,
    12,
    3,
    17
  ],
  [
    143.5,
    81,
    72,
    0.5,
    3,
    14,
    5,
    19
  ],
  [
    144,
    83,
    73,
    0.5,
    2,
    12,
    7,
    17
  ],
  [
    144.5,
    88,
    76,
    0.5,
    1,
    12,
    0,
    17
  ],
  [
    145.5,
    86,
    75,
    1.5,
    2,
    15,
    10,
    20
  ],
  [
    147.5,
    86,
    75,
    0.5,
    2,
    15,
    10,
    20
  ],
  [
    148,
    93,
    79,
    1,
    1,
    17,
    5,
    22
  ],
  [
    149,
    93,
    79,
    1,
    1,
    17,
    5,
    22
  ],
  [
    151,
    93,
    79,
    1,
    1,
    17,
    5,
    22
  ],
  [
    152,
    93,
    79,
    0.5,
    1,
    17,
    5,
    22
  ],
  [
    153,
    91,
    78,
    0.25,
    1,
    15,
    3,
    20
  ],
  [
    153.25,
    88,
    76,
    0.75,
    2,
    17,
    0,
    22
  ],
  [
    154,
    88,
    76,
    2,
    2,
    17,
    0,
    22
  ],
  [
    156,
    88,
    76,
    1,
    2,
    17,
    0,
    22
  ],
  [
    158.5,
    88,
    76,
    0.5,
    2,
    17,
    0,
    22
  ],
  [
    161.66667,
    88,
    76,
    0.33333,
    2,
    17,
    0,
    22
  ],
  [
    162.33333,
    88,
    76,
    0.66667,
    2,
    17,
    0,
    22
  ],
  [
    163,
    88,
    76,
    1,
    2,
    17,
    0,
    22
  ],
  [
    164.5,
    88,
    76,
    0.5,
    2,
    17,
    0,
    22
  ],
  [
    167,
    88,
    76,
    0.66667,
    2,
    17,
    0,
    22
  ],
  [
    167.66667,
    88,
    76,
    0.66667,
    2,
    17,
    0,
    22
  ],
  [
    168.33333,
    88,
    76,
    0.66667,
    2,
    17,
    0,
    22
  ],
  [
    169,
    88,
    76,
    0.5,
    2,
    17,
    0,
    22
  ],
  [
    170,
    88,
    76,
    2,
    2,
    17,
    0,
    22
  ],
  [
    172,
    81,
    72,
    0.25,
    3,
    14,
    5,
    19
  ],
  [
    172.25,
    79,
    71,
    0.5,
    3,
    12,
    3,
    17
  ],
  [
    172.75,
    81,
    72,
    0.25,
    3,
    14,
    5,
    19
  ],
  [
    174.5,
    67,
    64,
    0.25,
    3,
    0,
    3,
    5
  ],
  [
    174.5,
    71,
    66,
    0.25,
    2,
    0,
    7,
    5
  ],
  [
    174.75,
    79,
    71,
    0.25,
    3,
    12,
    3,
    17
  ],
  [
    174.75,
    83,
    73,
    0.25,
    2,
    12,
    7,
    17
  ],
  [
    175.25,
    79,
    71,
    0.25,
    3,
    12,
    3,
    17
  ],
  [
    175.25,
    83,
    73,
    0.25,
    2,
    12,
    7,
    17
  ],
  [
    175.5,
    79,
    71,
    0.25,
    3,
    12,
    3,
    17
  ],
  [
    175.5,
    83,
    73,
    0.25,
    2,
    12,
    7,
    17
  ],
  [
    175.75,
    67,
    64,
    0.25,
    3,
    0,
    3,
    5
  ],
  [
    175.75,
    71,
    66,
    0.25,
    2,
    0,
    7,
    5
  ],
  [
    176,
    67,
    64,
    0.25,
    3,
    0,
    3,
    5
  ],
  [
    176,
    71,
    66,
    0.25,
    2,
    0,
    7,
    5
  ],
  [
    176.25,
    79,
    71,
    0.25,
    3,
    12,
    3,
    17
  ],
  [
    176.25,
    83,
    73,
    0.25,
    2,
    12,
    7,
    17
  ],
  [
    176.5,
    67,
    64,
    0.25,
    3,
    0,
    3,
    5
  ],
  [
    176.5,
    71,
    66,
    0.25,
    2,
    0,
    7,
    5
  ],
  [
    176.75,
    67,
    64,
    0.25,
    3,
    0,
    3,
    5
  ],
  [
    176.75,
    71,
    66,
    0.25,
    2,
    0,
    7,
    5
  ],
  [
    177,
    79,
    71,
    0.5,
    3,
    12,
    3,
    17
  ],
  [
    177,
    83,
    73,
    0.5,
    2,
    12,
    7,
    17
  ],
  [
    177.5,
    67,
    64,
    0.25,
    3,
    0,
    3,
    5
  ],
  [
    177.5,
    71,
    66,
    0.25,
    2,
    0,
    7,
    5
  ],
  [
    177.75,
    83,
    73,
    0.25,
    2,
    12,
    7,
    17
  ],
  [
    177.75,
    88,
    76,
    0.25,
    1,
    12,
    0,
    17
  ],
  [
    178,
    67,
    64,
    0.25,
    3,
    0,
    3,
    5
  ],
  [
    178,
    71,
    66,
    0.25,
    2,
    0,
    7,
    5
  ],
  [
    178.25,
    67,
    64,
    0.25,
    3,
    0,
    3,
    5
  ],
  [
    178.25,
    71,
    66,
    0.25,
    2,
    0,
    7,
    5
  ],
  [
    178.5,
    79,
    71,
    0.5,
    3,
    12,
    3,
    17
  ],
  [
    178.5,
    83,
    73,
    0.5,
    2,
    12,
    7,
    17
  ],
  [
    179,
    67,
    64,
    0.25,
    3,
    0,
    3,
    5
  ],
  [
    179,
    71,
    66,
    0.25,
    2,
    0,
    7,
    5
  ],
  [
    179.25,
    83,
    73,
    0.25,
    2,
    12,
    7,
    17
  ],
  [
    179.25,
    88,
    76,
    0.25,
    1,
    12,
    0,
    17
  ],
  [
    179.5,
    67,
    64,
    0.25,
    3,
    0,
    3,
    5
  ],
  [
    179.5,
    71,
    66,
    0.25,
    2,
    0,
    7,
    5
  ],
  [
    179.75,
    67,
    64,
    0.25,
    3,
    0,
    3,
    5
  ],
  [
    179.75,
    71,
    66,
    0.25,
    2,
    0,
    7,
    5
  ],
  [
    180,
    79,
    71,
    0.25,
    3,
    12,
    3,
    17
  ],
  [
    180,
    83,
    73,
    0.25,
    2,
    12,
    7,
    17
  ],
  [
    180.25,
    81,
    72,
    0.75,
    3,
    14,
    5,
    19
  ],
  [
    180.25,
    85,
    74,
    0.75,
    2,
    14,
    9,
    19
  ],
  [
    181,
    81,
    72,
    0.25,
    3,
    14,
    5,
    19
  ],
  [
    181,
    85,
    74,
    0.25,
    2,
    14,
    9,
    19
  ],
  [
    181.25,
    79,
    71,
    0.5,
    3,
    12,
    3,
    17
  ],
  [
    181.25,
    83,
    73,
    0.5,
    2,
    12,
    7,
    17
  ],
  [
    181.75,
    79,
    71,
    0.25,
    3,
    12,
    3,
    17
  ],
  [
    181.75,
    83,
    73,
    0.25,
    2,
    12,
    7,
    17
  ],
  [
    182,
    79,
    71,
    0.5,
    3,
    12,
    3,
    17
  ],
  [
    182,
    83,
    73,
    0.5,
    2,
    12,
    7,
    17
  ],
  [
    182.5,
    79,
    71,
    0.5,
    3,
    12,
    3,
    17
  ],
  [
    182.5,
    83,
    73,
    0.5,
    2,
    12,
    7,
    17
  ],
  [
    183.25,
    79,
    71,
    0.25,
    3,
    12,
    3,
    17
  ],
  [
    183.25,
    83,
    73,
    0.25,
    2,
    12,
    7,
    17
  ],
  [
    183.5,
    67,
    64,
    0.25,
    3,
    0,
    3,
    5
  ],
  [
    183.5,
    71,
    66,
    0.25,
    2,
    0,
    7,
    5
  ],
  [
    183.75,
    67,
    64,
    0.25,
    3,
    0,
    3,
    5
  ],
  [
    183.75,
    71,
    66,
    0.25,
    2,
    0,
    7,
    5
  ],
  [
    184,
    79,
    71,
    0.5,
    3,
    12,
    3,
    17
  ],
  [
    184,
    83,
    73,
    0.5,
    2,
    12,
    7,
    17
  ],
  [
    184.5,
    79,
    71,
    0.5,
    3,
    12,
    3,
    17
  ],
  [
    184.5,
    83,
    73,
    0.5,
    2,
    12,
    7,
    17
  ],
  [
    185,
    81,
    72,
    0.5,
    3,
    14,
    5,
    19
  ],
  [
    185.5,
    83,
    73,
    0.5,
    2,
    12,
    7,
    17
  ],
  [
    186,
    88,
    76,
    0.25,
    1,
    12,
    0,
    17
  ],
  [
    186.25,
    86,
    75,
    0.25,
    2,
    15,
    10,
    20
  ],
  [
    186.5,
    83,
    73,
    0.5,
    2,
    12,
    7,
    17
  ],
  [
    187,
    81,
    72,
    0.5,
    3,
    14,
    5,
    19
  ],
  [
    187.5,
    81,
    72,
    0.5,
    3,
    14,
    5,
    19
  ],
  [
    188,
    79,
    71,
    1,
    3,
    12,
    3,
    17
  ],
  [
    189,
    79,
    71,
    2,
    3,
    12,
    3,
    17
  ],
  [
    191.66667,
    78,
    70,
    0.66667,
    3,
    11,
    2,
    16
  ],
  [
    192.33333,
    74,
    68,
    0.66667,
    4,
    12,
    10,
    17
  ],
  [
    193,
    74,
    68,
    2,
    4,
    12,
    10,
    17
  ],
  [
    195.66667,
    72,
    67,
    0.66667,
    4,
    10,
    8,
    15
  ],
  [
    196.33333,
    78,
    70,
    0.66667,
    3,
    11,
    2,
    16
  ],
  [
    197,
    78,
    70,
    0.5,
    3,
    11,
    2,
    16
  ],
  [
    198,
    72,
    67,
    2,
    4,
    10,
    8,
    15
  ],
  [
    201,
    74,
    68,
    3,
    4,
    12,
    10,
    17
  ],
  [
    204,
    62,
    61,
    0.5,
    4,
    0,
    10,
    5
  ],
  [
    205,
    86,
    75,
    1.5,
    2,
    15,
    10,
    20
  ],
  [
    208,
    81,
    72,
    1,
    3,
    14,
    5,
    19
  ],
  [
    210,
    79,
    71,
    1,
    3,
    12,
    3,
    17
  ],
  [
    211,
    81,
    72,
    0.5,
    3,
    14,
    5,
    19
  ],
  [
    212,
    81,
    72,
    0.25,
    3,
    14,
    5,
    19
  ],
  [
    212.75,
    79,
    71,
    0.25,
    3,
    12,
    3,
    17
  ],
  [
    213,
    76,
    69,
    1,
    4,
    14,
    0,
    19
  ],
  [
    217,
    86,
    75,
    1,
    2,
    15,
    10,
    20
  ],
  [
    220.5,
    91,
    78,
    0.25,
    1,
    15,
    3,
    20
  ],
  [
    220.75,
    88,
    76,
    0.25,
    1,
    12,
    0,
    17
  ],
  [
    221.25,
    91,
    78,
    0.25,
    1,
    15,
    3,
    20
  ],
  [
    222,
    91,
    78,
    1,
    1,
    15,
    3,
    20
  ],
  [
    226.66667,
    91,
    78,
    0.66667,
    1,
    15,
    3,
    20
  ],
  [
    227.33333,
    91,
    78,
    0.66667,
    1,
    15,
    3,
    20
  ],
  [
    228,
    91,
    78,
    0.66667,
    1,
    15,
    3,
    20
  ],
  [
    228.66667,
    91,
    78,
    0.66667,
    1,
    15,
    3,
    20
  ],
  [
    229.33333,
    91,
    78,
    0.33333,
    1,
    15,
    3,
    20
  ],
  [
    230.25,
    91,
    78,
    0.25,
    1,
    15,
    3,
    20
  ]
]