[
  [
    2.25,
    72,
    67,
    0.25,
    4,
    10,
    0,
    19
  ],
  [
    2.5,
    75,
    69,
    0.25,
    4,
    13,
    3,
    22
  ],
  [
    2.75,
    62,
    61,
    0.25,
    4,
    0,
    2,
    9
  ],
  [
    3,
    77,
    70,
    0.5,
    4,
    15,
    5,
    24
  ],
  [
    3.5,
    79,
    71,
    0.5,
    4,
    17,
    7,
    26
  ],
  [
    4,
    84,
    74,
    2,
    3,
    17,
    0,
    26
  ],
  [
    6.5,
    87,
    76,
    0.5,
    2,
    16,
    3,
    25
  ],
  [
    7,
    86,
    75,
    1,
    2,
    15,
    2,
    24
  ],
  [
    8,
    84,
    74,
    1,
    3,
    17,
    0,
    26
  ],
  [
    9,
    82,
    73,
    1,
    3,
    15,
    10,
    24
  ],
  [
    10.5,
    79,
    71,
    0.5,
    4,
    17,
    7,
    26
  ],
  [
    11,
    84,
    74,
    0.5,
    3,
    17,
    0,
    26
  ],
  [
    11.5,
    82,
    73,
    0.5,
    3,
    15,
    10,
    24
  ],
  [
    12,
    84,
    74,
    1,
    3,
    17,
    0,
    26
  ],
  [
    13.25,
    82,
    73,
    0.25,
    3,
    15,
    10,
    24
  ],
  [
    14,
    77,
    70,
    1.5,
    3,
    10,
    5,
    19
  ],
  [
    15.5,
    75,
    69,
    0.5,
    3,
    8,
    3,
    17
  ],
  [
    16,
    77,
    70,
    1,
    3,
    10,
    5,
    19
  ],
  [
    17,
    77,
    70,
    0.5,
    3,
    10,
    5,
    19
  ],
  [
    17.5,
    79,
    71,
    0.5,
    3,
    12,
    7,
    21
  ],
  [
    18,
    77,
    70,
    0.5,
    3,
    10,
    5,
    19
  ],
  [
    18.5,
    75,
    69,
    0.5,
    3,
    8,
    3,
    17
  ],
  [
    19,
    72,
    67,
    0.5,
    4,
    10,
    0,
    19
  ],
  [
    19.5,
    70,
    66,
    0.5,
    4,
    8,
    10,
    17
  ],
  [
    20,
    72,
    67,
    1.5,
    4,
    10,
    0,
    19
  ],
  [
    21.75,
    75,
    69,
    0.25,
    4,
    13,
    3,
    22
  ],
  [
    22,
    79,
    71,
    0.25,
    3,
    12,
    7,
    21
  ],
  [
    22.25,
    75,
    69,
    0.25,
    4,
    13,
    3,
    22
  ],
  [
    22.5,
    79,
    71,
    0.5,
    3,
    12,
    7,
    21
  ],
  [
    23.5,
    82,
    73,
    0.5,
    2,
    11,
    10,
    20
  ],
  [
    24,
    84,
    74,
    1,
    2,
    13,
    0,
    22
  ],
  [
    25,
    86,
    75,
    1,
    2,
    15,
    2,
    24
  ],
  [
    26,
    87,
    76,
    0.75,
    2,
    16,
    3,
    25
  ],
  [
    26.75,
    89,
    77,
    0.25,
    2,
    18,
    5,
    27
  ],
  [
    27,
    89,
    77,
    0.75,
    2,
    18,
    5,
    27
  ],
  [
    27.75,
    91,
    78,
    0.25,
    2,
    20,
    7,
    29
  ],
  [
    28,
    91,
    78,
    1.5,
    2,
    20,
    7,
    29
  ],
  [
    29.5,
    94,
    80,
    0.5,
    2,
    23,
    10,
    32
  ],
  [
    30,
    96,
    81,
    1,
    1,
    20,
    0,
    29
  ],
  [
    31,
    94,
    80,
    0.75,
    1,
    18,
    10,
    27
  ],
  [
    31.75,
    94,
    80,
    0.25,
    1,
    18,
    10,
    27
  ],
  [
    32,
    96,
    81,
    1,
    1,
    20,
    0,
    29
  ],
  [
    33,
    94,
    80,
    1,
    1,
    18,
    10,
    27
  ],
  [
    34,
    91,
    78,
    0.25,
    2,
    20,
    7,
    29
  ],
  [
    34.25,
    89,
    77,
    0.25,
    2,
    18,
    5,
    27
  ],
  [
    34.5,
    87,
    76,
    0.5,
    3,
    20,
    3,
    29
  ],
  [
    35,
    91,
    78,
    1,
    2,
    20,
    7,
    29
  ],
  [
    38.5,
    79,
    71,
    0.5,
    4,
    17,
    7,
    26
  ],
  [
    39,
    84,
    74,
    0.5,
    3,
    17,
    0,
    26
  ],
  [
    39.5,
    86,
    75,
    0.5,
    2,
    15,
    2,
    24
  ],
  [
    40,
    87,
    76,
    1,
    2,
    16,
    3,
    25
  ],
  [
    41,
    86,
    75,
    0.75,
    2,
    15,
    2,
    24
  ],
  [
    41.75,
    82,
    73,
    0.25,
    2,
    11,
    10,
    20
  ],
  [
    42,
    82,
    73,
    1,
    2,
    11,
    10,
    20
  ],
  [
    43,
    77,
    70,
    0.75,
    3,
    10,
    5,
    19
  ],
  [
    43.75,
    79,
    71,
    0.25,
    3,
    12,
    7,
    21
  ],
  [
    44,
    79,
    71,
    1,
    3,
    12,
    7,
    21
  ],
  [
    45.25,
    77,
    70,
    0.25,
    3,
    10,
    5,
    19
  ],
  [
    46,
    79,
    71,
    0.25,
    3,
    12,
    7,
    21
  ],
  [
    46.25,
    77,
    70,
    0.25,
    3,
    10,
    5,
    19
  ],
  [
    46.5,
    75,
    69,
    0.5,
    4,
    13,
    3,
    22
  ],
  [
    48.5,
    75,
    69,
    0.5,
    4,
    13,
    3,
    22
  ],
  [
    49,
    79,
    71,
    0.5,
    3,
    12,
    7,
    21
  ],
  [
    49.5,
    82,
    73,
    0.5,
    2,
    11,
    10,
    20
  ],
  [
    50,
    82,
    73,
    0.5,
    2,
    11,
    10,
    20
  ],
  [
    50.5,
    84,
    74,
    0.5,
    2,
    13,
    0,
    22
  ],
  [
    51,
    79,
    71,
    0.5,
    3,
    12,
    7,
    21
  ],
  [
    51.5,
    82,
    73,
    0.5,
    3,
    15,
    10,
    24
  ],
  [
    52,
    82,
    73,
    0.5,
    3,
    15,
    10,
    24
  ],
  [
    52.5,
    84,
    74,
    0.5,
    3,
    17,
    0,
    26
  ],
  [
    53,
    84,
    74,
    0.75,
    3,
    17,
    0,
    26
  ],
  [
    54.25,
    79,
    71,
    0.25,
    2,
    8,
    7,
    17
  ],
  [
    54.5,
    87,
    76,
    0.5,
    2,
    16,
    3,
    25
  ],
  [
    55,
    91,
    78,
    1,
    2,
    20,
    7,
    29
  ],
  [
    56,
    91,
    78,
    1,
    2,
    20,
    7,
    29
  ],
  [
    57,
    91,
    78,
    0.25,
    2,
    20,
    7,
    29
  ],
  [
    57.25,
    92,
    79,
    0.25,
    2,
    21,
    8,
    30
  ],
  [
    57.5,
    89,
    77,
    0.5,
    2,
    18,
    5,
    27
  ],
  [
    58.25,
    91,
    78,
    0.75,
    2,
    20,
    7,
    29
  ],
  [
    59,
    91,
    78,
    0.25,
    2,
    20,
    7,
    29
  ],
  [
    59.25,
    92,
    79,
    0.25,
    2,
    21,
    8,
    30
  ],
  [
    59.5,
    89,
    77,
    0.5,
    2,
    18,
    5,
    27
  ],
  [
    60,
    91,
    78,
    0.5,
    2,
    20,
    7,
    29
  ],
  [
    60.5,
    91,
    78,
    1,
    2,
    20,
    7,
    29
  ],
  [
    61.5,
    91,
    78,
    0.25,
    2,
    20,
    7,
    29
  ],
  [
    61.75,
    96,
    81,
    0.25,
    2,
    25,
    0,
    34
  ],
  [
    62,
    96,
    81,
    0.75,
    2,
    25,
    0,
    34
  ],
  [
    62.75,
    98,
    82,
    0.25,
    2,
    27,
    2,
    36
  ],
  [
    63,
    98,
    82,
    1,
    2,
    27,
    2,
    36
  ],
  [
    64,
    99,
    83,
    1,
    2,
    28,
    3,
    37
  ],
  [
    65,
    89,
    77,
    0.75,
    2,
    18,
    5,
    27
  ],
  [
    65.75,
    91,
    78,
    0.25,
    2,
    20,
    7,
    29
  ],
  [
    66,
    91,
    78,
    0.75,
    2,
    20,
    7,
    29
  ],
  [
    66.75,
    94,
    80,
    0.25,
    2,
    23,
    10,
    32
  ],
  [
    67,
    94,
    80,
    0.75,
    2,
    23,
    10,
    32
  ],
  [
    67.75,
    96,
    81,
    0.25,
    2,
    25,
    0,
    34
  ],
  [
    68,
    96,
    81,
    1,
    2,
    25,
    0,
    34
  ],
  [
    69,
    96,
    81,
    0.75,
    2,
    25,
    0,
    34
  ],
  [
    69.75,
    96,
    81,
    0.25,
    2,
    25,
    0,
    34
  ],
  [
    70,
    96,
    81,
    1,
    2,
    25,
    0,
    34
  ],
  [
    71,
    99,
    83,
    0.5,
    2,
    28,
    3,
    37
  ],
  [
    71.5,
    94,
    80,
    0.25,
    3,
    27,
    10,
    36
  ],
  [
    71.75,
    96,
    81,
    0.25,
    2,
    25,
    0,
    34
  ],
  [
    72,
    70,
    66,
    0.5,
    4,
    8,
    10,
    17
  ],
  [
    72.5,
    75,
    69,
    0.25,
    3,
    8,
    3,
    17
  ],
  [
    72.75,
    82,
    73,
    0.25,
    3,
    15,
    10,
    24
  ],
  [
    73,
    87,
    76,
    1,
    2,
    16,
    3,
    25
  ],
  [
    74,
    86,
    75,
    1,
    2,
    15,
    2,
    24
  ],
  [
    75,
    82,
    73,
    1,
    3,
    15,
    10,
    24
  ],
  [
    76,
    79,
    71,
    2,
    3,
    12,
    7,
    21
  ],
  [
    78.5,
    79,
    71,
    0.5,
    3,
    12,
    7,
    21
  ],
  [
    79,
    77,
    70,
    0.5,
    3,
    10,
    5,
    19
  ],
  [
    79.5,
    67,
    64,
    0.5,
    3,
    0,
    7,
    9
  ],
  [
    80,
    77,
    70,
    1,
    3,
    10,
    5,
    19
  ],
  [
    81.25,
    82,
    73,
    0.25,
    3,
    15,
    10,
    24
  ],
  [
    82,
    77,
    70,
    0.5,
    3,
    10,
    5,
    19
  ],
  [
    82.5,
    75,
    69,
    0.5,
    3,
    8,
    3,
    17
  ],
  [
    83,
    74,
    68,
    1,
    3,
    7,
    2,
    16
  ],
  [
    84,
    72,
    67,
    2,
    4,
    10,
    0,
    19
  ],
  [
    86.5,
    77,
    70,
    0.25,
    3,
    10,
    5,
    19
  ],
  [
    86.75,
    79,
    71,
    0.25,
    3,
    12,
    7,
    21
  ],
  [
    87,
    82,
    73,
    0.5,
    3,
    15,
    10,
    24
  ],
  [
    87.5,
    82,
    73,
    0.5,
    3,
    15,
    10,
    24
  ],
  [
    88,
    84,
    74,
    1,
    3,
    17,
    0,
    26
  ],
  [
    89,
    87,
    76,
    0.75,
    2,
    16,
    3,
    25
  ],
  [
    89.75,
    86,
    75,
    0.25,
    2,
    15,
    2,
    24
  ],
  [
    90,
    86,
    75,
    1,
    2,
    15,
    2,
    24
  ],
  [
    91,
    89,
    77,
    0.75,
    2,
    18,
    5,
    27
  ],
  [
    91.75,
    88,
    76,
    0.25,
    2,
    17,
    4,
    26
  ],
  [
    92,
    87,
    76,
    1,
    2,
    16,
    3,
    25
  ],
  [
    93,
    87,
    76,
    0.25,
    2,
    16,
    3,
    25
  ],
  [
    93.25,
    86,
    75,
    0.25,
    2,
    15,
    2,
    24
  ],
  [
    93.5,
    91,
    78,
    0.25,
    1,
    15,
    7,
    24
  ],
  [
    93.75,
    89,
    77,
    0.25,
    1,
    13,
    5,
    22
  ],
  [
    94,
    91,
    78,
    1,
    1,
    15,
    7,
    24
  ],
  [
    95.75,
    96,
    81,
    0.25,
    1,
    20,
    0,
    29
  ],
  [
    96,
    96,
    81,
    1,
    1,
    20,
    0,
    29
  ],
  [
    97,
    99,
    83,
    0.5,
    1,
    23,
    3,
    32
  ],
  [
    97.5,
    99,
    83,
    0.25,
    1,
    23,
    3,
    32
  ],
  [
    97.75,
    98,
    82,
    0.25,
    1,
    22,
    2,
    31
  ],
  [
    98,
    98,
    82,
    1,
    1,
    22,
    2,
    31
  ],
  [
    99,
    94,
    80,
    1,
    2,
    23,
    10,
    32
  ],
  [
    101,
    91,
    78,
    0.5,
    2,
    20,
    7,
    29
  ],
  [
    101.5,
    87,
    76,
    0.5,
    2,
    16,
    3,
    25
  ],
  [
    102,
    87,
    76,
    0.5,
    2,
    16,
    3,
    25
  ],
  [
    103,
    89,
    77,
    0.5,
    2,
    18,
    5,
    27
  ],
  [
    103.5,
    84,
    74,
    0.5,
    2,
    13,
    0,
    22
  ],
  [
    105.5,
    84,
    74,
    0.25,
    2,
    13,
    0,
    22
  ],
  [
    105.75,
    87,
    76,
    0.25,
    2,
    16,
    3,
    25
  ],
  [
    106,
    86,
    75,
    1,
    2,
    15,
    2,
    24
  ],
  [
    107,
    82,
    73,
    0.75,
    3,
    15,
    10,
    24
  ],
  [
    107.75,
    77,
    70,
    0.25,
    3,
    10,
    5,
    19
  ],
  [
    108,
    79,
    71,
    1.5,
    3,
    12,
    7,
    21
  ],
  [
    109.5,
    79,
    71,
    0.5,
    3,
    12,
    7,
    21
  ],
  [
    110,
    84,
    74,
    0.75,
    2,
    13,
    0,
    22
  ],
  [
    110.75,
    86,
    75,
    0.25,
    2,
    15,
    2,
    24
  ],
  [
    111,
    86,
    75,
    1,
    2,
    15,
    2,
    24
  ],
  [
    112,
    87,
    76,
    0.75,
    2,
    16,
    3,
    25
  ],
  [
    112.75,
    86,
    75,
    0.25,
    2,
    15,
    2,
    24
  ],
  [
    113,
    86,
    75,
    1,
    2,
    15,
    2,
    24
  ],
  [
    114,
    84,
    74,
    0.5,
    2,
    13,
    0,
    22
  ],
  [
    114.5,
    82,
    73,
    0.5,
    2,
    11,
    10,
    20
  ],
  [
    115,
    82,
    73,
    0.75,
    3,
    15,
    10,
    24
  ],
  [
    115.75,
    84,
    74,
    0.25,
    3,
    17,
    0,
    26
  ],
  [
    116,
    84,
    74,
    4,
    3,
    17,
    0,
    26
  ],
  [
    121,
    91,
    78,
    0.5,
    2,
    20,
    7,
    29
  ],
  [
    121.5,
    87,
    76,
    0.5,
    2,
    16,
    3,
    25
  ],
  [
    122,
    87,
    76,
    1,
    2,
    16,
    3,
    25
  ],
  [
    123,
    89,
    77,
    0.5,
    2,
    18,
    5,
    27
  ],
  [
    123.5,
    84,
    74,
    0.5,
    2,
    13,
    0,
    22
  ],
  [
    125,
    84,
    74,
    0.5,
    2,
    13,
    0,
    22
  ],
  [
    125.5,
    79,
    71,
    0.5,
    2,
    8,
    7,
    17
  ],
  [
    126,
    82,
    73,
    1,
    2,
    11,
    10,
    20
  ],
  [
    127,
    84,
    74,
    0.5,
    2,
    13,
    0,
    22
  ],
  [
    128,
    77,
    70,
    0.5,
    3,
    10,
    5,
    19
  ],
  [
    128.5,
    77,
    70,
    0.5,
    3,
    10,
    5,
    19
  ],
  [
    129,
    77,
    70,
    0.25,
    3,
    10,
    5,
    19
  ],
  [
    129.25,
    79,
    71,
    0.25,
    3,
    12,
    7,
    21
  ],
  [
    129.5,
    77,
    70,
    0.5,
    3,
    10,
    5,
    19
  ],
  [
    131.75,
    84,
    74,
    0.25,
    3,
    17,
    0,
    26
  ],
  [
    132,
    96,
    81,
    3,
    1,
    20,
    0,
    29
  ],
  [
    135,
    99,
    83,
    0.75,
    1,
    23,
    3,
    32
  ],
  [
    135.75,
    98,
    82,
    0.25,
    1,
    22,
    2,
    31
  ],
  [
    136,
    98,
    82,
    1,
    1,
    22,
    2,
    31
  ],
  [
    137,
    94,
    80,
    0.5,
    1,
    18,
    10,
    27
  ],
  [
    138,
    94,
    80,
    1,
    1,
    18,
    10,
    27
  ],
  [
    139,
    96,
    81,
    0.5,
    1,
    20,
    0,
    29
  ],
  [
    139.5,
    91,
    78,
    0.25,
    2,
    20,
    7,
    29
  ],
  [
    139.75,
    89,
    77,
    0.25,
    2,
    18,
    5,
    27
  ],
  [
    140,
    91,
    78,
    2,
    2,
    20,
    7,
    29
  ],
  [
    143,
    96,
    81,
    0.5,
    1,
    20,
    0,
    29
  ],
  [
    143.5,
    99,
    83,
    0.5,
    1,
    23,
    3,
    32
  ],
  [
    144.25,
    96,
    81,
    0.5,
    1,
    20,
    0,
    29
  ],
  [
    144.75,
    94,
    80,
    0.25,
    1,
    18,
    10,
    27
  ],
  [
    145,
    94,
    80,
    0.5,
    1,
    18,
    10,
    27
  ],
  [
    145.5,
    96,
    81,
    0.5,
    1,
    20,
    0,
    29
  ],
  [
    146,
    99,
    83,
    0.75,
    1,
    23,
    3,
    32
  ],
  [
    146.75,
    98,
    82,
    0.25,
    1,
    22,
    2,
    31
  ],
  [
    147,
    98,
    82,
    1,
    1,
    22,
    2,
    31
  ],
  [
    148,
    96,
    81,
    2,
    1,
    20,
    0,
    29
  ],
  [
    150.25,
    94,
    80,
    0.25,
    1,
    18,
    10,
    27
  ],
  [
    150.5,
    96,
    81,
    0.5,
    1,
    20,
    0,
    29
  ],
  [
    151.5,
    95,
    80,
    0.125,
    1,
    19,
    11,
    28
  ],
  [
    151.625,
    96,
    81,
    0.375,
    1,
    20,
    0,
    29
  ],
  [
    152,
    95,
    80,
    0.25,
    1,
    19,
    11,
    28
  ],
  [
    152.25,
    96,
    81,
    0.75,
    1,
    20,
    0,
    29
  ],
  [
    153.25,
    96,
    81,
    0.125,
    1,
    20,
    0,
    29
  ],
  [
    153.375,
    94,
    80,
    0.125,
    1,
    18,
    10,
    27
  ],
  [
    153.5,
    96,
    81,
    0.375,
    1,
    20,
    0,
    29
  ],
  [
    153.875,
    94,
    80,
    0.125,
    1,
    18,
    10,
    27
  ],
  [
    154,
    96,
    81,
    1,
    1,
    20,
    0,
    29
  ],
  [
    155.75,
    94,
    80,
    0.25,
    1,
    18,
    10,
    27
  ],
  [
    156,
    96,
    81,
    1,
    1,
    20,
    0,
    29
  ],
  [
    157.75,
    96,
    81,
    0.25,
    1,
    20,
    0,
    29
  ],
  [
    158,
    99,
    83,
    0.5,
    1,
    23,
    3,
    32
  ],
  [
    158.5,
    98,
    82,
    0.5,
    1,
    22,
    2,
    31
  ],
  [
    159.25,
    98,
    82,
    0.25,
    1,
    22,
    2,
    31
  ],
  [
    159.5,
    101,
    84,
    0.25,
    1,
    25,
    5,
    34
  ],
  [
    159.75,
    99,
    83,
    0.25,
    1,
    23,
    3,
    32
  ],
  [
    160,
    99,
    83,
    0.25,
    1,
    23,
    3,
    32
  ],
  [
    160.25,
    99,
    83,
    0.25,
    1,
    23,
    3,
    32
  ],
  [
    160.5,
    103,
    85,
    0.5,
    1,
    27,
    7,
    36
  ],
  [
    161.5,
    96,
    81,
    0.5,
    1,
    20,
    0,
    29
  ],
  [
    162.75,
    96,
    81,
    0.125,
    1,
    20,
    0,
    29
  ],
  [
    162.875,
    94,
    80,
    0.125,
    1,
    18,
    10,
    27
  ],
  [
    163,
    96,
    81,
    0.5,
    1,
    20,
    0,
    29
  ],
  [
    163.5,
    96,
    81,
    0.5,
    1,
    20,
    0,
    29
  ],
  [
    164,
    96,
    81,
    4,
    1,
    20,
    0,
    29
  ],
  [
    170,
    96,
    81,
    1,
    1,
    20,
    0,
    29
  ],
  [
    172.25,
    96,
    81,
    0.75,
    1,
    20,
    0,
    29
  ],
  [
    176.5,
    96,
    81,
    1.5,
    1,
    20,
    0,
    29
  ]
]