[
  [
    0,
    76,
    69,
    0.5,
    3,
    9,
    5,
    31
  ],
  [
    0.5,
    74,
    68,
    3,
    3,
    7,
    3,
    29
  ],
  [
    3.5,
    81,
    72,
    0.5,
    2,
    10,
    10,
    32
  ],
  [
    6.5,
    81,
    72,
    0.5,
    2,
    10,
    10,
    32
  ],
  [
    7,
    78,
    70,
    0.33333,
    2,
    7,
    7,
    29
  ],
  [
    7.33333,
    81,
    72,
    0.66667,
    2,
    10,
    10,
    32
  ],
  [
    8,
    76,
    69,
    0.5,
    3,
    9,
    5,
    31
  ],
  [
    8.5,
    74,
    68,
    0.5,
    3,
    7,
    3,
    29
  ],
  [
    11,
    83,
    73,
    0.33333,
    2,
    12,
    0,
    34
  ],
  [
    11.33333,
    86,
    75,
    0.33333,
    1,
    10,
    3,
    32
  ],
  [
    11.66667,
    83,
    73,
    0.33333,
    2,
    12,
    0,
    34
  ],
  [
    14.66667,
    83,
    73,
    0.66667,
    2,
    12,
    0,
    34
  ],
  [
    15.33333,
    83,
    73,
    0.66667,
    2,
    12,
    0,
    34
  ],
  [
    16,
    88,
    76,
    1.5,
    1,
    12,
    5,
    34
  ],
  [
    17.5,
    83,
    73,
    0.5,
    2,
    12,
    0,
    34
  ],
  [
    18,
    83,
    73,
    2,
    2,
    12,
    0,
    34
  ],
  [
    21,
    78,
    70,
    0.5,
    3,
    11,
    7,
    33
  ],
  [
    21.5,
    76,
    69,
    0.5,
    3,
    9,
    5,
    31
  ],
  [
    22.66667,
    74,
    68,
    0.66667,
    3,
    7,
    3,
    29
  ],
  [
    23.33333,
    76,
    69,
    0.66667,
    3,
    9,
    5,
    31
  ],
  [
    24,
    71,
    66,
    2,
    4,
    9,
    0,
    31
  ],
  [
    26.5,
    76,
    69,
    1,
    3,
    9,
    5,
    31
  ],
  [
    27.5,
    78,
    70,
    0.5,
    2,
    7,
    7,
    29
  ],
  [
    28,
    83,
    73,
    0.66667,
    1,
    7,
    0,
    29
  ],
  [
    28.66667,
    81,
    72,
    0.66667,
    2,
    10,
    10,
    32
  ],
  [
    29.33333,
    83,
    73,
    0.66667,
    2,
    12,
    0,
    34
  ],
  [
    30,
    86,
    75,
    0.66667,
    1,
    10,
    3,
    32
  ],
  [
    30.66667,
    88,
    76,
    0.66667,
    1,
    12,
    5,
    34
  ],
  [
    31.33333,
    88,
    76,
    0.66667,
    1,
    12,
    5,
    34
  ],
  [
    32,
    83,
    73,
    0.33333,
    2,
    12,
    0,
    34
  ],
  [
    32.33333,
    83,
    73,
    1,
    2,
    12,
    0,
    34
  ],
  [
    33.33333,
    86,
    75,
    0.66667,
    1,
    10,
    3,
    32
  ],
  [
    35.5,
    88,
    76,
    0.5,
    1,
    12,
    5,
    34
  ],
  [
    38.5,
    88,
    76,
    0.5,
    1,
    12,
    5,
    34
  ],
  [
    39,
    86,
    75,
    0.5,
    1,
    10,
    3,
    32
  ],
  [
    39.5,
    88,
    76,
    0.5,
    1,
    12,
    5,
    34
  ],
  [
    40,
    83,
    73,
    1,
    2,
    12,
    0,
    34
  ],
  [
    41,
    81,
    72,
    1,
    2,
    10,
    10,
    32
  ],
  [
    42,
    76,
    69,
    1,
    3,
    9,
    5,
    31
  ],
  [
    43,
    74,
    68,
    1,
    3,
    7,
    3,
    29
  ],
  [
    44,
    71,
    66,
    1,
    4,
    9,
    0,
    31
  ],
  [
    45,
    69,
    65,
    1,
    4,
    7,
    10,
    29
  ],
  [
    46,
    64,
    62,
    1,
    5,
    7,
    5,
    29
  ],
  [
    47,
    62,
    61,
    0.5,
    5,
    5,
    3,
    27
  ],
  [
    47.5,
    59,
    59,
    0.5,
    6,
    7,
    0,
    29
  ],
  [
    48,
    59,
    59,
    1,
    6,
    7,
    0,
    29
  ],
  [
    49,
    64,
    62,
    0.5,
    5,
    7,
    5,
    29
  ],
  [
    49.5,
    66,
    63,
    0.5,
    5,
    9,
    7,
    31
  ],
  [
    50,
    69,
    65,
    1,
    4,
    7,
    10,
    29
  ],
  [
    51,
    71,
    66,
    0.33333,
    4,
    9,
    0,
    31
  ],
  [
    51.33333,
    69,
    65,
    0.33333,
    4,
    7,
    10,
    29
  ],
  [
    51.66667,
    59,
    59,
    0.33333,
    6,
    7,
    0,
    29
  ],
  [
    52,
    74,
    68,
    0.33333,
    3,
    7,
    3,
    29
  ],
  [
    52.33333,
    74,
    68,
    0.33333,
    3,
    7,
    3,
    29
  ],
  [
    53,
    71,
    66,
    0.5,
    4,
    9,
    0,
    31
  ],
  [
    53.5,
    71,
    66,
    0.5,
    4,
    9,
    0,
    31
  ],
  [
    54,
    71,
    66,
    0.5,
    4,
    9,
    0,
    31
  ],
  [
    55,
    76,
    69,
    0.33333,
    3,
    9,
    5,
    31
  ],
  [
    55.33333,
    78,
    70,
    0.33333,
    2,
    7,
    7,
    29
  ],
  [
    55.66667,
    83,
    73,
    0.33333,
    1,
    7,
    0,
    29
  ],
  [
    56,
    81,
    72,
    0.66667,
    2,
    10,
    10,
    32
  ],
  [
    56.66667,
    83,
    73,
    0.66667,
    2,
    12,
    0,
    34
  ],
  [
    57.33333,
    83,
    73,
    0.66667,
    2,
    12,
    0,
    34
  ],
  [
    58,
    83,
    73,
    0.66667,
    2,
    12,
    0,
    34
  ],
  [
    58.66667,
    86,
    75,
    0.66667,
    1,
    10,
    3,
    32
  ],
  [
    59.33333,
    88,
    76,
    0.66667,
    1,
    12,
    5,
    34
  ],
  [
    60,
    88,
    76,
    0.66667,
    1,
    12,
    5,
    34
  ],
  [
    60.66667,
    86,
    75,
    0.33333,
    1,
    10,
    3,
    32
  ],
  [
    61,
    83,
    73,
    2,
    2,
    12,
    0,
    34
  ],
  [
    63.5,
    90,
    77,
    0.5,
    1,
    14,
    7,
    36
  ],
  [
    66,
    90,
    77,
    0.66667,
    1,
    14,
    7,
    36
  ],
  [
    66.66667,
    88,
    76,
    0.66667,
    1,
    12,
    5,
    34
  ],
  [
    67.33333,
    86,
    75,
    0.66667,
    1,
    10,
    3,
    32
  ],
  [
    68,
    83,
    73,
    0.66667,
    2,
    12,
    0,
    34
  ],
  [
    68.66667,
    81,
    72,
    0.66667,
    2,
    10,
    10,
    32
  ],
  [
    69.33333,
    76,
    69,
    0.66667,
    3,
    9,
    5,
    31
  ],
  [
    70,
    78,
    70,
    2,
    3,
    11,
    7,
    33
  ],
  [
    72,
    81,
    72,
    1,
    2,
    10,
    10,
    32
  ],
  [
    73,
    81,
    72,
    1,
    2,
    10,
    10,
    32
  ],
  [
    74,
    79,
    71,
    1,
    2,
    8,
    8,
    30
  ],
  [
    75,
    78,
    70,
    1,
    2,
    7,
    7,
    29
  ],
  [
    76,
    76,
    69,
    1,
    3,
    9,
    5,
    31
  ],
  [
    77,
    74,
    68,
    1,
    3,
    7,
    3,
    29
  ],
  [
    78,
    73,
    67,
    1,
    3,
    6,
    2,
    28
  ],
  [
    79,
    72,
    67,
    0.5,
    4,
    10,
    1,
    32
  ],
  [
    79.5,
    71,
    66,
    0.5,
    4,
    9,
    0,
    31
  ],
  [
    81.5,
    74,
    68,
    1.5,
    3,
    7,
    3,
    29
  ],
  [
    81.5,
    78,
    70,
    1.5,
    2,
    7,
    7,
    29
  ],
  [
    83.5,
    71,
    66,
    0.5,
    4,
    9,
    0,
    31
  ],
  [
    85.5,
    76,
    69,
    1.5,
    3,
    9,
    5,
    31
  ],
  [
    85.5,
    80,
    71,
    1.5,
    2,
    9,
    9,
    31
  ],
  [
    87.5,
    71,
    66,
    0.5,
    4,
    9,
    0,
    31
  ],
  [
    89.5,
    78,
    70,
    0.5,
    3,
    11,
    7,
    33
  ],
  [
    89.5,
    81,
    72,
    0.5,
    2,
    10,
    10,
    32
  ],
  [
    90.66667,
    78,
    70,
    0.66667,
    3,
    11,
    7,
    33
  ],
  [
    90.66667,
    81,
    72,
    0.66667,
    2,
    10,
    10,
    32
  ],
  [
    91.33333,
    78,
    70,
    0.66667,
    3,
    11,
    7,
    33
  ],
  [
    91.33333,
    81,
    72,
    0.66667,
    2,
    10,
    10,
    32
  ],
  [
    92,
    78,
    70,
    0.5,
    3,
    11,
    7,
    33
  ],
  [
    92,
    81,
    72,
    0.5,
    2,
    10,
    10,
    32
  ],
  [
    93,
    76,
    69,
    3,
    3,
    9,
    5,
    31
  ],
  [
    96,
    83,
    73,
    0.5,
    1,
    7,
    0,
    29
  ],
  [
    99.5,
    78,
    70,
    0.5,
    2,
    7,
    7,
    29
  ],
  [
    99.5,
    83,
    73,
    0.5,
    1,
    7,
    0,
    29
  ],
  [
    102.66667,
    83,
    73,
    0.66667,
    2,
    12,
    0,
    34
  ],
  [
    103.33333,
    83,
    73,
    0.66667,
    2,
    12,
    0,
    34
  ],
  [
    104,
    83,
    73,
    0.5,
    2,
    12,
    0,
    34
  ],
  [
    104.5,
    86,
    75,
    0.5,
    1,
    10,
    3,
    32
  ],
  [
    107.5,
    74,
    68,
    0.5,
    3,
    7,
    3,
    29
  ],
  [
    107.5,
    78,
    70,
    0.5,
    2,
    7,
    7,
    29
  ],
  [
    108,
    71,
    66,
    0.5,
    4,
    9,
    0,
    31
  ],
  [
    109.5,
    76,
    69,
    0.5,
    3,
    9,
    5,
    31
  ],
  [
    112,
    74,
    68,
    0.33333,
    3,
    7,
    3,
    29
  ],
  [
    112.33333,
    76,
    69,
    0.33333,
    3,
    9,
    5,
    31
  ],
  [
    112.66667,
    71,
    66,
    0.33333,
    4,
    9,
    0,
    31
  ],
  [
    113,
    71,
    66,
    1,
    4,
    9,
    0,
    31
  ],
  [
    116.5,
    69,
    65,
    3,
    4,
    7,
    10,
    29
  ],
  [
    116.5,
    74,
    68,
    3,
    3,
    7,
    3,
    29
  ],
  [
    120,
    69,
    65,
    0.33333,
    4,
    7,
    10,
    29
  ],
  [
    120.33333,
    71,
    66,
    0.33333,
    4,
    9,
    0,
    31
  ],
  [
    123.5,
    76,
    69,
    0.5,
    3,
    9,
    5,
    31
  ],
  [
    125,
    83,
    73,
    0.5,
    1,
    7,
    0,
    29
  ],
  [
    127.5,
    76,
    69,
    0.5,
    3,
    9,
    5,
    31
  ],
  [
    127.5,
    78,
    70,
    0.5,
    2,
    7,
    7,
    29
  ],
  [
    128.5,
    76,
    69,
    1.5,
    3,
    9,
    5,
    31
  ],
  [
    128.5,
    78,
    70,
    1.5,
    2,
    7,
    7,
    29
  ],
  [
    130,
    78,
    70,
    0.5,
    2,
    7,
    7,
    29
  ],
  [
    134.5,
    76,
    69,
    1,
    3,
    9,
    5,
    31
  ],
  [
    135.5,
    74,
    68,
    0.25,
    3,
    7,
    3,
    29
  ],
  [
    136,
    76,
    69,
    0.5,
    3,
    9,
    5,
    31
  ],
  [
    136.5,
    76,
    69,
    2,
    3,
    9,
    5,
    31
  ],
  [
    138.5,
    76,
    69,
    0.5,
    3,
    9,
    5,
    31
  ],
  [
    139,
    67,
    64,
    0.5,
    3,
    0,
    8,
    22
  ],
  [
    139.5,
    74,
    68,
    0.5,
    3,
    7,
    3,
    29
  ],
  [
    141,
    74,
    68,
    1,
    3,
    7,
    3,
    29
  ],
  [
    142,
    76,
    69,
    0.33333,
    3,
    9,
    5,
    31
  ],
  [
    142.33333,
    75,
    68,
    0.33333,
    3,
    8,
    4,
    30
  ],
  [
    142.66667,
    76,
    69,
    0.33333,
    3,
    9,
    5,
    31
  ],
  [
    143.5,
    74,
    68,
    0.5,
    3,
    7,
    3,
    29
  ],
  [
    144,
    71,
    66,
    2,
    4,
    9,
    0,
    31
  ],
  [
    147,
    83,
    73,
    0.5,
    2,
    12,
    0,
    34
  ],
  [
    147.5,
    86,
    75,
    0.5,
    1,
    10,
    3,
    32
  ],
  [
    151,
    81,
    72,
    0.33333,
    2,
    10,
    10,
    32
  ],
  [
    151.33333,
    86,
    75,
    0.33333,
    1,
    10,
    3,
    32
  ],
  [
    152,
    88,
    76,
    0.5,
    1,
    12,
    5,
    34
  ],
  [
    152.5,
    88,
    76,
    0.5,
    1,
    12,
    5,
    34
  ],
  [
    155.33333,
    88,
    76,
    0.66667,
    1,
    12,
    5,
    34
  ],
  [
    156,
    88,
    76,
    0.33333,
    1,
    12,
    5,
    34
  ],
  [
    156.33333,
    86,
    75,
    0.66667,
    1,
    10,
    3,
    32
  ],
  [
    159,
    81,
    72,
    0.33333,
    2,
    10,
    10,
    32
  ],
  [
    159.33333,
    81,
    72,
    0.66667,
    2,
    10,
    10,
    32
  ],
  [
    160,
    81,
    72,
    0.5,
    2,
    10,
    10,
    32
  ],
  [
    160.5,
    75,
    68,
    1,
    3,
    8,
    4,
    30
  ],
  [
    163.5,
    76,
    69,
    0.5,
    3,
    9,
    5,
    31
  ],
  [
    164.66667,
    76,
    69,
    0.33333,
    3,
    9,
    5,
    31
  ],
  [
    166.5,
    76,
    69,
    1.5,
    3,
    9,
    5,
    31
  ],
  [
    168,
    71,
    66,
    1,
    3,
    4,
    0,
    26
  ],
  [
    169,
    69,
    65,
    1,
    3,
    2,
    10,
    24
  ],
  [
    170,
    67,
    64,
    1,
    4,
    5,
    8,
    27
  ],
  [
    171,
    66,
    63,
    0.5,
    4,
    4,
    7,
    26
  ],
  [
    171.5,
    62,
    61,
    0.5,
    4,
    0,
    3,
    22
  ],
  [
    172,
    64,
    62,
    1,
    4,
    2,
    5,
    24
  ],
  [
    173,
    62,
    61,
    1,
    4,
    0,
    3,
    22
  ],
  [
    174,
    61,
    60,
    0.5,
    5,
    4,
    2,
    26
  ],
  [
    174.5,
    57,
    58,
    0.5,
    5,
    0,
    10,
    22
  ],
  [
    175,
    60,
    60,
    0.5,
    5,
    3,
    1,
    25
  ],
  [
    175.5,
    59,
    59,
    0.5,
    5,
    2,
    0,
    24
  ],
  [
    177.5,
    69,
    65,
    1.5,
    4,
    7,
    10,
    29
  ],
  [
    177.5,
    74,
    68,
    1.5,
    3,
    7,
    3,
    29
  ],
  [
    177.5,
    78,
    70,
    1.5,
    2,
    7,
    7,
    29
  ],
  [
    179.5,
    71,
    66,
    0.25,
    4,
    9,
    0,
    31
  ],
  [
    179.75,
    71,
    66,
    0.25,
    4,
    9,
    0,
    31
  ],
  [
    180,
    71,
    66,
    1,
    4,
    9,
    0,
    31
  ],
  [
    181.5,
    76,
    69,
    1.5,
    3,
    9,
    5,
    31
  ],
  [
    181.5,
    80,
    71,
    1.5,
    2,
    9,
    9,
    31
  ],
  [
    183.5,
    71,
    66,
    0.25,
    4,
    9,
    0,
    31
  ],
  [
    183.75,
    71,
    66,
    0.25,
    4,
    9,
    0,
    31
  ],
  [
    184,
    71,
    66,
    1,
    4,
    9,
    0,
    31
  ],
  [
    185,
    71,
    66,
    0.5,
    4,
    9,
    0,
    31
  ],
  [
    185.5,
    76,
    69,
    0.5,
    3,
    9,
    5,
    31
  ],
  [
    186,
    78,
    70,
    0.66667,
    3,
    11,
    7,
    33
  ],
  [
    186.66667,
    81,
    72,
    0.66667,
    2,
    10,
    10,
    32
  ],
  [
    187.33333,
    83,
    73,
    0.66667,
    2,
    12,
    0,
    34
  ],
  [
    188,
    86,
    75,
    0.66667,
    1,
    10,
    3,
    32
  ],
  [
    188.66667,
    88,
    76,
    0.66667,
    1,
    12,
    5,
    34
  ],
  [
    189.33333,
    90,
    77,
    0.66667,
    1,
    14,
    7,
    36
  ],
  [
    190,
    88,
    76,
    2,
    1,
    12,
    5,
    34
  ],
  [
    192,
    86,
    75,
    0.5,
    1,
    10,
    3,
    32
  ],
  [
    192.5,
    88,
    76,
    0.5,
    1,
    12,
    5,
    34
  ],
  [
    193,
    83,
    73,
    3,
    2,
    12,
    0,
    34
  ],
  [
    196.66667,
    90,
    77,
    0.16667,
    2,
    19,
    7,
    41
  ],
  [
    196.83333,
    95,
    80,
    0.16667,
    1,
    19,
    0,
    41
  ],
  [
    197,
    98,
    82,
    2,
    1,
    22,
    3,
    44
  ],
  [
    199,
    98,
    82,
    0.33333,
    1,
    22,
    3,
    44
  ],
  [
    199.33333,
    98,
    82,
    0.33333,
    1,
    22,
    3,
    44
  ],
  [
    200,
    98,
    82,
    0.5,
    1,
    22,
    3,
    44
  ],
  [
    200.5,
    93,
    79,
    0.5,
    2,
    22,
    10,
    44
  ],
  [
    204.66667,
    83,
    73,
    0.66667,
    2,
    12,
    0,
    34
  ],
  [
    205.33333,
    86,
    75,
    0.66667,
    1,
    10,
    3,
    32
  ],
  [
    206,
    88,
    76,
    0.5,
    1,
    12,
    5,
    34
  ],
  [
    206.5,
    86,
    75,
    1.5,
    1,
    10,
    3,
    32
  ],
  [
    208,
    83,
    73,
    2,
    2,
    12,
    0,
    34
  ],
  [
    210.5,
    67,
    64,
    0.5,
    3,
    0,
    8,
    22
  ],
  [
    210.5,
    71,
    66,
    0.5,
    2,
    0,
    0,
    22
  ],
  [
    211,
    67,
    64,
    0.5,
    3,
    0,
    8,
    22
  ],
  [
    211,
    71,
    66,
    0.5,
    2,
    0,
    0,
    22
  ],
  [
    211.5,
    88,
    76,
    0.5,
    1,
    12,
    5,
    34
  ],
  [
    214,
    88,
    76,
    0.66667,
    1,
    12,
    5,
    34
  ],
  [
    214.66667,
    88,
    76,
    0.66667,
    1,
    12,
    5,
    34
  ],
  [
    215.33333,
    86,
    75,
    0.66667,
    1,
    10,
    3,
    32
  ],
  [
    216,
    83,
    73,
    2,
    2,
    12,
    0,
    34
  ],
  [
    218,
    83,
    73,
    0.66667,
    2,
    12,
    0,
    34
  ],
  [
    218.66667,
    79,
    71,
    0.66667,
    3,
    12,
    8,
    34
  ],
  [
    219.33333,
    90,
    77,
    0.66667,
    1,
    14,
    7,
    36
  ],
  [
    220,
    78,
    70,
    2,
    3,
    11,
    7,
    33
  ],
  [
    222,
    67,
    64,
    0.66667,
    3,
    0,
    8,
    22
  ],
  [
    222.66667,
    83,
    73,
    0.66667,
    2,
    12,
    0,
    34
  ],
  [
    223.33333,
    86,
    75,
    0.66667,
    1,
    10,
    3,
    32
  ],
  [
    224,
    83,
    73,
    2,
    2,
    12,
    0,
    34
  ],
  [
    227.5,
    90,
    77,
    0.5,
    2,
    19,
    7,
    41
  ],
  [
    228,
    98,
    82,
    0.5,
    1,
    22,
    3,
    44
  ],
  [
    230.5,
    98,
    82,
    0.5,
    1,
    22,
    3,
    44
  ],
  [
    231,
    98,
    82,
    0.33333,
    1,
    22,
    3,
    44
  ],
  [
    231.33333,
    98,
    82,
    0.33333,
    1,
    22,
    3,
    44
  ],
  [
    232,
    98,
    82,
    0.5,
    1,
    22,
    3,
    44
  ],
  [
    232.5,
    93,
    79,
    1,
    2,
    22,
    10,
    44
  ],
  [
    235.5,
    93,
    79,
    0.5,
    2,
    22,
    10,
    44
  ],
  [
    236.5,
    93,
    79,
    0.5,
    2,
    22,
    10,
    44
  ],
  [
    237,
    93,
    79,
    1,
    2,
    22,
    10,
    44
  ],
  [
    238,
    93,
    79,
    0.5,
    2,
    22,
    10,
    44
  ],
  [
    239,
    88,
    76,
    0.5,
    3,
    21,
    5,
    43
  ],
  [
    239.5,
    86,
    75,
    0.5,
    3,
    19,
    3,
    41
  ],
  [
    242,
    86,
    75,
    0.75,
    3,
    19,
    3,
    41
  ],
  [
    242.875,
    88,
    76,
    0.125,
    3,
    21,
    5,
    43
  ],
  [
    243,
    88,
    76,
    0.5,
    3,
    21,
    5,
    43
  ],
  [
    243.5,
    88,
    76,
    0.5,
    3,
    21,
    5,
    43
  ],
  [
    243.5,
    90,
    77,
    0.5,
    2,
    19,
    7,
    41
  ],
  [
    245,
    90,
    77,
    1,
    2,
    19,
    7,
    41
  ],
  [
    246,
    90,
    77,
    0.66667,
    2,
    19,
    7,
    41
  ],
  [
    246.66667,
    93,
    79,
    0.66667,
    2,
    22,
    10,
    44
  ],
  [
    247.33333,
    93,
    79,
    0.66667,
    2,
    22,
    10,
    44
  ],
  [
    249,
    98,
    82,
    0.5,
    1,
    22,
    3,
    44
  ],
  [
    249.5,
    93,
    79,
    0.5,
    2,
    22,
    10,
    44
  ],
  [
    252.66667,
    88,
    76,
    0.16667,
    3,
    21,
    5,
    43
  ],
  [
    252.83333,
    90,
    77,
    0.16667,
    2,
    19,
    7,
    41
  ],
  [
    253,
    98,
    82,
    2,
    1,
    22,
    3,
    44
  ],
  [
    255,
    98,
    82,
    0.33333,
    1,
    22,
    3,
    44
  ],
  [
    255.33333,
    98,
    82,
    0.33333,
    1,
    22,
    3,
    44
  ],
  [
    256,
    98,
    82,
    0.5,
    1,
    22,
    3,
    44
  ],
  [
    256.5,
    93,
    79,
    1,
    2,
    22,
    10,
    44
  ],
  [
    257.5,
    90,
    77,
    0.5,
    2,
    19,
    7,
    41
  ],
  [
    258,
    93,
    79,
    0.33333,
    2,
    22,
    10,
    44
  ],
  [
    258.33333,
    88,
    76,
    0.66667,
    3,
    21,
    5,
    43
  ],
  [
    259,
    86,
    75,
    1,
    3,
    19,
    3,
    41
  ],
  [
    260,
    83,
    73,
    0.33333,
    3,
    16,
    0,
    38
  ],
  [
    260.33333,
    81,
    72,
    0.33333,
    3,
    14,
    10,
    36
  ],
  [
    260.66667,
    78,
    70,
    0.33333,
    4,
    16,
    7,
    38
  ],
  [
    261,
    81,
    72,
    0.5,
    3,
    14,
    10,
    36
  ],
  [
    261.5,
    78,
    70,
    0.5,
    4,
    16,
    7,
    38
  ],
  [
    262,
    78,
    70,
    1,
    4,
    16,
    7,
    38
  ],
  [
    263,
    62,
    61,
    0.33333,
    4,
    0,
    3,
    22
  ],
  [
    263,
    67,
    64,
    0.33333,
    3,
    0,
    8,
    22
  ],
  [
    263.33333,
    67,
    64,
    0.33333,
    3,
    0,
    8,
    22
  ],
  [
    264,
    81,
    72,
    0.5,
    2,
    10,
    10,
    32
  ],
  [
    265,
    81,
    72,
    1,
    2,
    10,
    10,
    32
  ],
  [
    266,
    79,
    71,
    1,
    2,
    8,
    8,
    30
  ],
  [
    267,
    78,
    70,
    1,
    2,
    7,
    7,
    29
  ],
  [
    268,
    76,
    69,
    1,
    3,
    9,
    5,
    31
  ],
  [
    269,
    74,
    68,
    1,
    3,
    7,
    3,
    29
  ],
  [
    270,
    73,
    67,
    1,
    3,
    6,
    2,
    28
  ],
  [
    271,
    72,
    67,
    1,
    4,
    10,
    1,
    32
  ]
]