[
  [
    2.5,
    81,
    72,
    0.25,
    2,
    10,
    5,
    15
  ],
  [
    2.75,
    78,
    70,
    0.25,
    2,
    7,
    2,
    12
  ],
  [
    3,
    81,
    72,
    1,
    2,
    10,
    5,
    15
  ],
  [
    4.25,
    83,
    73,
    0.25,
    1,
    7,
    7,
    12
  ],
  [
    4.5,
    81,
    72,
    1.5,
    2,
    10,
    5,
    15
  ],
  [
    8.5,
    81,
    72,
    0.25,
    2,
    10,
    5,
    15
  ],
  [
    8.75,
    78,
    70,
    0.25,
    2,
    7,
    2,
    12
  ],
  [
    9,
    76,
    69,
    1.5,
    3,
    9,
    0,
    14
  ],
  [
    10.5,
    74,
    68,
    0.5,
    3,
    7,
    10,
    12
  ],
  [
    11,
    74,
    68,
    0.5,
    3,
    7,
    10,
    12
  ],
  [
    11.5,
    71,
    66,
    0.5,
    4,
    9,
    7,
    14
  ],
  [
    12,
    71,
    66,
    1.5,
    4,
    9,
    7,
    14
  ],
  [
    15,
    59,
    59,
    0.5,
    6,
    7,
    7,
    12
  ],
  [
    15.5,
    62,
    61,
    0.5,
    5,
    5,
    10,
    10
  ],
  [
    16,
    64,
    62,
    0.5,
    5,
    7,
    0,
    12
  ],
  [
    16.5,
    67,
    64,
    0.5,
    4,
    5,
    3,
    10
  ],
  [
    17,
    66,
    63,
    1,
    5,
    9,
    2,
    14
  ],
  [
    18,
    74,
    68,
    1.5,
    3,
    7,
    10,
    12
  ],
  [
    20.5,
    57,
    58,
    0.5,
    5,
    0,
    5,
    5
  ],
  [
    21,
    69,
    65,
    0.25,
    4,
    7,
    5,
    12
  ],
  [
    21.5,
    69,
    65,
    1,
    4,
    7,
    5,
    12
  ],
  [
    23,
    71,
    66,
    0.5,
    4,
    9,
    7,
    14
  ],
  [
    23.5,
    74,
    68,
    0.5,
    3,
    7,
    10,
    12
  ],
  [
    24,
    59,
    59,
    1,
    5,
    2,
    7,
    7
  ],
  [
    24,
    62,
    61,
    1,
    4,
    0,
    10,
    5
  ],
  [
    25.5,
    74,
    68,
    1.5,
    3,
    7,
    10,
    12
  ],
  [
    25.5,
    78,
    70,
    1.5,
    2,
    7,
    2,
    12
  ],
  [
    27,
    74,
    68,
    0.5,
    3,
    7,
    10,
    12
  ],
  [
    27,
    78,
    70,
    0.5,
    2,
    7,
    2,
    12
  ],
  [
    27.5,
    74,
    68,
    0.25,
    3,
    7,
    10,
    12
  ],
  [
    27.5,
    78,
    70,
    0.25,
    2,
    7,
    2,
    12
  ],
  [
    27.75,
    74,
    68,
    0.5,
    3,
    7,
    10,
    12
  ],
  [
    27.75,
    78,
    70,
    0.5,
    2,
    7,
    2,
    12
  ],
  [
    28.25,
    66,
    63,
    0.25,
    5,
    9,
    2,
    14
  ],
  [
    28.5,
    74,
    68,
    0.5,
    3,
    7,
    10,
    12
  ],
  [
    28.5,
    78,
    70,
    0.5,
    2,
    7,
    2,
    12
  ],
  [
    29,
    74,
    68,
    0.25,
    3,
    7,
    10,
    12
  ],
  [
    29,
    78,
    70,
    0.25,
    2,
    7,
    2,
    12
  ],
  [
    29.25,
    74,
    68,
    0.5,
    3,
    7,
    10,
    12
  ],
  [
    29.25,
    78,
    70,
    0.5,
    2,
    7,
    2,
    12
  ],
  [
    30,
    60,
    60,
    1.5,
    5,
    3,
    8,
    8
  ],
  [
    30,
    64,
    62,
    1.5,
    4,
    2,
    0,
    7
  ],
  [
    30,
    71,
    66,
    1.5,
    3,
    4,
    7,
    9
  ],
  [
    30,
    74,
    68,
    1.5,
    2,
    3,
    10,
    8
  ],
  [
    33,
    72,
    67,
    0.5,
    4,
    10,
    8,
    15
  ],
  [
    33,
    74,
    68,
    0.5,
    3,
    7,
    10,
    12
  ],
  [
    33,
    78,
    70,
    0.5,
    2,
    7,
    2,
    12
  ],
  [
    33.5,
    72,
    67,
    0.5,
    4,
    10,
    8,
    15
  ],
  [
    33.5,
    74,
    68,
    0.5,
    3,
    7,
    10,
    12
  ],
  [
    33.5,
    78,
    70,
    0.5,
    2,
    7,
    2,
    12
  ],
  [
    34.5,
    78,
    70,
    1,
    2,
    7,
    2,
    12
  ],
  [
    35.5,
    79,
    71,
    0.5,
    2,
    8,
    3,
    13
  ],
  [
    36,
    81,
    72,
    1.5,
    2,
    10,
    5,
    15
  ],
  [
    38.5,
    86,
    75,
    0.125,
    2,
    15,
    10,
    20
  ],
  [
    38.625,
    83,
    73,
    0.125,
    2,
    12,
    7,
    17
  ],
  [
    38.75,
    86,
    75,
    0.25,
    2,
    15,
    10,
    20
  ],
  [
    39.5,
    88,
    76,
    0.5,
    1,
    12,
    0,
    17
  ],
  [
    41,
    90,
    77,
    0.75,
    1,
    14,
    2,
    19
  ],
  [
    42,
    90,
    77,
    1.5,
    1,
    14,
    2,
    19
  ],
  [
    43.5,
    89,
    77,
    1,
    1,
    13,
    1,
    18
  ],
  [
    44.5,
    84,
    74,
    0.5,
    2,
    13,
    8,
    18
  ],
  [
    45,
    81,
    72,
    1,
    3,
    14,
    5,
    19
  ],
  [
    46.5,
    64,
    62,
    0.5,
    5,
    7,
    0,
    12
  ],
  [
    47,
    67,
    64,
    0.5,
    4,
    5,
    3,
    10
  ],
  [
    47.5,
    69,
    65,
    0.125,
    4,
    7,
    5,
    12
  ],
  [
    47.625,
    67,
    64,
    0.125,
    4,
    5,
    3,
    10
  ],
  [
    48,
    69,
    65,
    1.5,
    4,
    7,
    5,
    12
  ],
  [
    52.75,
    71,
    66,
    0.25,
    4,
    9,
    7,
    14
  ],
  [
    53,
    71,
    66,
    0.75,
    4,
    9,
    7,
    14
  ],
  [
    53.75,
    69,
    65,
    0.125,
    4,
    7,
    5,
    12
  ],
  [
    53.875,
    67,
    64,
    0.125,
    4,
    5,
    3,
    10
  ],
  [
    54,
    69,
    65,
    1,
    4,
    7,
    5,
    12
  ],
  [
    55.25,
    71,
    66,
    0.08333,
    4,
    9,
    7,
    14
  ],
  [
    55.33333,
    69,
    65,
    0.08333,
    4,
    7,
    5,
    12
  ],
  [
    55.41667,
    67,
    64,
    0.08333,
    4,
    5,
    3,
    10
  ],
  [
    55.5,
    69,
    65,
    1,
    4,
    7,
    5,
    12
  ],
  [
    56.5,
    64,
    62,
    0.33333,
    5,
    7,
    0,
    12
  ],
  [
    56.83333,
    62,
    61,
    0.16667,
    5,
    5,
    10,
    10
  ],
  [
    57,
    64,
    62,
    1.5,
    5,
    7,
    0,
    12
  ],
  [
    58.5,
    62,
    61,
    0.5,
    5,
    5,
    10,
    10
  ],
  [
    59,
    59,
    59,
    0.5,
    6,
    7,
    7,
    12
  ],
  [
    59.5,
    62,
    61,
    0.5,
    5,
    5,
    10,
    10
  ],
  [
    60,
    52,
    55,
    0.5,
    6,
    0,
    0,
    5
  ],
  [
    61.5,
    59,
    59,
    0.5,
    5,
    2,
    7,
    7
  ],
  [
    62,
    62,
    61,
    0.5,
    4,
    0,
    10,
    5
  ],
  [
    62.5,
    64,
    62,
    0.5,
    4,
    2,
    0,
    7
  ],
  [
    63,
    81,
    72,
    0.5,
    2,
    10,
    5,
    15
  ],
  [
    63.5,
    81,
    72,
    0.25,
    2,
    10,
    5,
    15
  ],
  [
    63.75,
    81,
    72,
    0.25,
    2,
    10,
    5,
    15
  ],
  [
    64.25,
    79,
    71,
    0.25,
    2,
    8,
    3,
    13
  ],
  [
    64.5,
    81,
    72,
    0.5,
    2,
    10,
    5,
    15
  ],
  [
    65,
    81,
    72,
    0.25,
    2,
    10,
    5,
    15
  ],
  [
    65.25,
    81,
    72,
    0.25,
    2,
    10,
    5,
    15
  ],
  [
    65.75,
    79,
    71,
    0.25,
    2,
    8,
    3,
    13
  ],
  [
    66,
    81,
    72,
    1,
    2,
    10,
    5,
    15
  ],
  [
    67.5,
    81,
    72,
    1,
    2,
    10,
    5,
    15
  ],
  [
    69,
    81,
    72,
    0.33333,
    2,
    10,
    5,
    15
  ],
  [
    69.33333,
    81,
    72,
    0.16667,
    2,
    10,
    5,
    15
  ],
  [
    70.25,
    79,
    71,
    0.125,
    2,
    8,
    3,
    13
  ],
  [
    70.375,
    81,
    72,
    0.125,
    2,
    10,
    5,
    15
  ],
  [
    70.5,
    79,
    71,
    1,
    2,
    8,
    3,
    13
  ],
  [
    71.5,
    79,
    71,
    0.25,
    3,
    12,
    3,
    17
  ],
  [
    71.75,
    78,
    70,
    0.25,
    3,
    11,
    2,
    16
  ],
  [
    72,
    86,
    75,
    1.5,
    2,
    15,
    10,
    20
  ],
  [
    74.5,
    86,
    75,
    0.25,
    2,
    15,
    10,
    20
  ],
  [
    75,
    86,
    75,
    1,
    2,
    15,
    10,
    20
  ],
  [
    76,
    86,
    75,
    0.125,
    2,
    15,
    10,
    20
  ],
  [
    76.125,
    83,
    73,
    0.125,
    2,
    12,
    7,
    17
  ],
  [
    76.5,
    86,
    75,
    0.75,
    2,
    15,
    10,
    20
  ],
  [
    77.25,
    88,
    76,
    0.25,
    1,
    12,
    0,
    17
  ],
  [
    77.5,
    91,
    78,
    0.125,
    1,
    15,
    3,
    20
  ],
  [
    77.625,
    88,
    76,
    0.125,
    1,
    12,
    0,
    17
  ],
  [
    77.75,
    86,
    75,
    0.25,
    2,
    15,
    10,
    20
  ],
  [
    78.75,
    88,
    76,
    0.375,
    1,
    12,
    0,
    17
  ],
  [
    79.125,
    91,
    78,
    0.125,
    1,
    15,
    3,
    20
  ],
  [
    79.25,
    88,
    76,
    0.25,
    1,
    12,
    0,
    17
  ],
  [
    79.5,
    93,
    79,
    1,
    1,
    17,
    5,
    22
  ],
  [
    81,
    91,
    78,
    0.5,
    1,
    15,
    3,
    20
  ],
  [
    82.5,
    67,
    64,
    0.5,
    3,
    0,
    3,
    5
  ],
  [
    83,
    86,
    75,
    0.75,
    2,
    15,
    10,
    20
  ],
  [
    83.875,
    83,
    73,
    0.125,
    2,
    12,
    7,
    17
  ],
  [
    84,
    81,
    72,
    0.125,
    3,
    14,
    5,
    19
  ],
  [
    84.125,
    79,
    71,
    0.375,
    3,
    12,
    3,
    17
  ],
  [
    85.625,
    78,
    70,
    0.25,
    3,
    11,
    2,
    16
  ],
  [
    85.875,
    78,
    70,
    0.375,
    3,
    11,
    2,
    16
  ],
  [
    86.25,
    71,
    66,
    0.25,
    4,
    9,
    7,
    14
  ],
  [
    86.5,
    71,
    66,
    0.5,
    4,
    9,
    7,
    14
  ],
  [
    87,
    90,
    77,
    0.5,
    1,
    14,
    2,
    19
  ],
  [
    87.5,
    90,
    77,
    0.5,
    1,
    14,
    2,
    19
  ],
  [
    88,
    83,
    73,
    0.5,
    2,
    12,
    7,
    17
  ],
  [
    88,
    90,
    77,
    0.5,
    1,
    14,
    2,
    19
  ],
  [
    88.5,
    91,
    78,
    0.5,
    1,
    15,
    3,
    20
  ],
  [
    89,
    91,
    78,
    0.5,
    1,
    15,
    3,
    20
  ],
  [
    89.5,
    93,
    79,
    0.5,
    1,
    17,
    5,
    22
  ],
  [
    90,
    93,
    79,
    1.5,
    1,
    17,
    5,
    22
  ],
  [
    91.5,
    93,
    79,
    1,
    1,
    17,
    5,
    22
  ],
  [
    93,
    93,
    79,
    1.5,
    1,
    17,
    5,
    22
  ],
  [
    94.5,
    93,
    79,
    0.5,
    1,
    17,
    5,
    22
  ],
  [
    95.5,
    83,
    73,
    0.5,
    2,
    12,
    7,
    17
  ],
  [
    96,
    90,
    77,
    1,
    1,
    14,
    2,
    19
  ],
  [
    97.5,
    90,
    77,
    1,
    1,
    14,
    2,
    19
  ],
  [
    99,
    88,
    76,
    1,
    2,
    17,
    0,
    22
  ],
  [
    100.33333,
    86,
    75,
    0.16667,
    2,
    15,
    10,
    20
  ],
  [
    100.5,
    88,
    76,
    0.5,
    2,
    17,
    0,
    22
  ],
  [
    101.5,
    84,
    74,
    0.5,
    2,
    13,
    8,
    18
  ],
  [
    102,
    86,
    75,
    1,
    2,
    15,
    10,
    20
  ],
  [
    103.33333,
    84,
    74,
    0.16667,
    2,
    13,
    8,
    18
  ],
  [
    103.5,
    82,
    72,
    0.75,
    2,
    11,
    6,
    16
  ],
  [
    104.375,
    81,
    72,
    0.125,
    2,
    10,
    5,
    15
  ],
  [
    104.5,
    79,
    71,
    0.25,
    2,
    8,
    3,
    13
  ],
  [
    105,
    79,
    71,
    3,
    2,
    8,
    3,
    13
  ]
]