[
  [
    0,
    89,
    77,
    3,
    2,
    18,
    10,
    20
  ],
  [
    3,
    89,
    77,
    0.5,
    2,
    18,
    10,
    20
  ],
  [
    3.5,
    89,
    77,
    0.5,
    2,
    18,
    10,
    20
  ],
  [
    8,
    79,
    71,
    0.66667,
    4,
    17,
    0,
    19
  ],
  [
    8.66667,
    82,
    73,
    0.66667,
    3,
    15,
    3,
    17
  ],
  [
    9.33333,
    84,
    74,
    0.66667,
    3,
    17,
    5,
    19
  ],
  [
    10,
    84,
    74,
    1,
    3,
    17,
    5,
    19
  ],
  [
    11,
    84,
    74,
    0.5,
    3,
    17,
    5,
    19
  ],
  [
    11.5,
    84,
    74,
    0.5,
    3,
    17,
    5,
    19
  ],
  [
    18.5,
    84,
    74,
    0.5,
    3,
    17,
    5,
    19
  ],
  [
    19,
    82,
    73,
    0.5,
    3,
    15,
    3,
    17
  ],
  [
    19.5,
    84,
    74,
    0.5,
    3,
    17,
    5,
    19
  ],
  [
    20,
    84,
    74,
    1,
    3,
    17,
    5,
    19
  ],
  [
    21,
    84,
    74,
    0.5,
    3,
    17,
    5,
    19
  ],
  [
    21.5,
    84,
    74,
    0.5,
    3,
    17,
    5,
    19
  ],
  [
    26,
    81,
    72,
    0.125,
    2,
    10,
    2,
    12
  ],
  [
    26.125,
    82,
    73,
    0.125,
    2,
    11,
    3,
    13
  ],
  [
    26.25,
    81,
    72,
    0.125,
    2,
    10,
    2,
    12
  ],
  [
    26.375,
    79,
    71,
    0.125,
    3,
    12,
    0,
    14
  ],
  [
    26.5,
    81,
    72,
    0.25,
    2,
    10,
    2,
    12
  ],
  [
    26.75,
    77,
    70,
    0.25,
    3,
    10,
    10,
    12
  ],
  [
    27,
    77,
    70,
    0.25,
    3,
    10,
    10,
    12
  ],
  [
    27.25,
    74,
    68,
    0.25,
    4,
    12,
    7,
    14
  ],
  [
    27.5,
    77,
    70,
    0.5,
    3,
    10,
    10,
    12
  ],
  [
    31,
    79,
    71,
    1,
    3,
    12,
    0,
    14
  ],
  [
    32,
    79,
    71,
    3,
    3,
    12,
    0,
    14
  ],
  [
    35,
    79,
    71,
    1,
    3,
    12,
    0,
    14
  ],
  [
    36,
    77,
    70,
    0.5,
    3,
    10,
    10,
    12
  ],
  [
    36.5,
    79,
    71,
    0.5,
    3,
    12,
    0,
    14
  ],
  [
    37,
    79,
    71,
    3,
    3,
    12,
    0,
    14
  ],
  [
    42,
    79,
    71,
    2,
    3,
    12,
    0,
    14
  ],
  [
    44,
    77,
    70,
    0.5,
    3,
    10,
    10,
    12
  ],
  [
    44.5,
    79,
    71,
    0.5,
    3,
    12,
    0,
    14
  ],
  [
    45,
    79,
    71,
    1,
    3,
    12,
    0,
    14
  ],
  [
    46,
    84,
    74,
    1,
    3,
    17,
    5,
    19
  ],
  [
    47,
    89,
    77,
    0.75,
    2,
    18,
    10,
    20
  ],
  [
    47.75,
    89,
    77,
    0.25,
    2,
    18,
    10,
    20
  ],
  [
    52,
    89,
    77,
    0.5,
    2,
    18,
    10,
    20
  ],
  [
    52.5,
    91,
    78,
    0.5,
    1,
    15,
    0,
    17
  ],
  [
    53,
    94,
    80,
    2,
    1,
    18,
    3,
    20
  ],
  [
    55,
    94,
    80,
    1,
    1,
    18,
    3,
    20
  ],
  [
    56,
    94,
    80,
    2,
    1,
    18,
    3,
    20
  ],
  [
    59,
    84,
    74,
    0.5,
    3,
    17,
    5,
    19
  ],
  [
    59.5,
    82,
    73,
    0.5,
    3,
    15,
    3,
    17
  ],
  [
    61.25,
    74,
    68,
    0.25,
    4,
    12,
    7,
    14
  ],
  [
    61.5,
    77,
    70,
    0.5,
    3,
    10,
    10,
    12
  ],
  [
    62,
    79,
    71,
    2,
    3,
    12,
    0,
    14
  ],
  [
    64,
    79,
    71,
    0.5,
    3,
    12,
    0,
    14
  ],
  [
    64.5,
    79,
    71,
    0.5,
    3,
    12,
    0,
    14
  ],
  [
    65,
    79,
    71,
    2,
    3,
    12,
    0,
    14
  ],
  [
    68,
    77,
    70,
    0.25,
    3,
    10,
    10,
    12
  ],
  [
    68.25,
    79,
    71,
    0.75,
    3,
    12,
    0,
    14
  ],
  [
    74.5,
    84,
    74,
    0.5,
    3,
    17,
    5,
    19
  ],
  [
    75,
    82,
    73,
    0.5,
    3,
    15,
    3,
    17
  ],
  [
    75.5,
    84,
    74,
    0.5,
    3,
    17,
    5,
    19
  ],
  [
    76,
    86,
    75,
    4,
    3,
    19,
    7,
    21
  ],
  [
    80,
    84,
    74,
    0.5,
    3,
    17,
    5,
    19
  ],
  [
    80.5,
    89,
    77,
    1.5,
    2,
    18,
    10,
    20
  ],
  [
    83,
    89,
    77,
    1,
    2,
    18,
    10,
    20
  ],
  [
    84,
    91,
    78,
    0.5,
    1,
    15,
    0,
    17
  ],
  [
    84.5,
    89,
    77,
    1.5,
    2,
    18,
    10,
    20
  ],
  [
    87,
    89,
    77,
    0.5,
    2,
    18,
    10,
    20
  ],
  [
    87.5,
    86,
    75,
    0.5,
    2,
    15,
    7,
    17
  ],
  [
    88,
    84,
    74,
    1,
    3,
    17,
    5,
    19
  ],
  [
    91,
    84,
    74,
    0.25,
    3,
    17,
    5,
    19
  ],
  [
    91.25,
    82,
    73,
    0.25,
    3,
    15,
    3,
    17
  ],
  [
    91.5,
    84,
    74,
    0.5,
    3,
    17,
    5,
    19
  ],
  [
    92,
    84,
    74,
    2,
    3,
    17,
    5,
    19
  ],
  [
    95.5,
    79,
    71,
    0.5,
    4,
    17,
    0,
    19
  ],
  [
    96,
    82,
    73,
    3,
    3,
    15,
    3,
    17
  ],
  [
    99,
    84,
    74,
    0.25,
    3,
    17,
    5,
    19
  ],
  [
    99.25,
    82,
    73,
    0.25,
    3,
    15,
    3,
    17
  ],
  [
    99.5,
    84,
    74,
    0.5,
    3,
    17,
    5,
    19
  ],
  [
    100,
    84,
    74,
    2,
    3,
    17,
    5,
    19
  ],
  [
    102.5,
    84,
    74,
    0.5,
    3,
    17,
    5,
    19
  ],
  [
    103.5,
    89,
    77,
    0.5,
    2,
    18,
    10,
    20
  ],
  [
    104,
    84,
    74,
    3,
    3,
    17,
    5,
    19
  ],
  [
    107,
    89,
    77,
    0.5,
    2,
    18,
    10,
    20
  ],
  [
    107.5,
    91,
    78,
    0.5,
    1,
    15,
    0,
    17
  ],
  [
    108,
    94,
    80,
    2,
    1,
    18,
    3,
    20
  ],
  [
    110.5,
    86,
    75,
    0.5,
    3,
    19,
    7,
    21
  ],
  [
    111,
    94,
    80,
    0.5,
    1,
    18,
    3,
    20
  ],
  [
    111.5,
    96,
    81,
    0.5,
    1,
    20,
    5,
    22
  ],
  [
    113.5,
    94,
    80,
    0.5,
    1,
    18,
    3,
    20
  ],
  [
    115,
    93,
    79,
    0.5,
    1,
    17,
    2,
    19
  ],
  [
    115.5,
    89,
    77,
    0.5,
    2,
    18,
    10,
    20
  ],
  [
    119,
    84,
    74,
    3,
    2,
    13,
    5,
    15
  ],
  [
    122,
    82,
    73,
    0.5,
    2,
    11,
    3,
    13
  ],
  [
    122.5,
    84,
    74,
    0.5,
    2,
    13,
    5,
    15
  ],
  [
    123,
    79,
    71,
    1,
    3,
    12,
    0,
    14
  ],
  [
    129.5,
    74,
    68,
    0.5,
    2,
    3,
    7,
    5
  ],
  [
    130,
    79,
    71,
    0.5,
    1,
    3,
    0,
    5
  ],
  [
    130.5,
    77,
    70,
    0.5,
    2,
    6,
    10,
    8
  ],
  [
    131,
    72,
    67,
    2,
    3,
    5,
    5,
    7
  ],
  [
    133,
    72,
    67,
    0.5,
    3,
    5,
    5,
    7
  ],
  [
    133.5,
    70,
    66,
    0.5,
    3,
    3,
    3,
    5
  ],
  [
    134,
    72,
    67,
    0.5,
    3,
    5,
    5,
    7
  ],
  [
    134.5,
    70,
    66,
    0.5,
    3,
    3,
    3,
    5
  ],
  [
    135,
    67,
    64,
    1,
    4,
    5,
    0,
    7
  ],
  [
    145,
    94,
    80,
    0.33333,
    1,
    18,
    3,
    20
  ],
  [
    145.33333,
    91,
    78,
    0.33333,
    1,
    15,
    0,
    17
  ],
  [
    145.66667,
    86,
    75,
    0.33333,
    2,
    15,
    7,
    17
  ],
  [
    146,
    94,
    80,
    3,
    1,
    18,
    3,
    20
  ],
  [
    151,
    93,
    79,
    1,
    1,
    17,
    2,
    19
  ],
  [
    152,
    93,
    79,
    3,
    1,
    17,
    2,
    19
  ],
  [
    157,
    89,
    77,
    0.5,
    2,
    18,
    10,
    20
  ],
  [
    157.5,
    86,
    75,
    0.5,
    2,
    15,
    7,
    17
  ],
  [
    158,
    89,
    77,
    3,
    2,
    18,
    10,
    20
  ],
  [
    163,
    89,
    77,
    0.33333,
    2,
    18,
    10,
    20
  ],
  [
    163.66667,
    86,
    75,
    0.33333,
    2,
    15,
    7,
    17
  ],
  [
    164,
    89,
    77,
    3,
    2,
    18,
    10,
    20
  ],
  [
    168,
    94,
    80,
    0.33333,
    1,
    18,
    3,
    20
  ],
  [
    168.33333,
    91,
    78,
    0.33333,
    1,
    15,
    0,
    17
  ],
  [
    168.66667,
    86,
    75,
    0.33333,
    2,
    15,
    7,
    17
  ],
  [
    169,
    94,
    80,
    0.33333,
    1,
    18,
    3,
    20
  ],
  [
    169.33333,
    91,
    78,
    0.33333,
    1,
    15,
    0,
    17
  ],
  [
    169.66667,
    86,
    75,
    0.33333,
    2,
    15,
    7,
    17
  ],
  [
    170,
    94,
    80,
    3,
    1,
    18,
    3,
    20
  ],
  [
    175,
    94,
    80,
    0.33333,
    1,
    18,
    3,
    20
  ],
  [
    175.66667,
    91,
    78,
    0.33333,
    1,
    15,
    0,
    17
  ],
  [
    176,
    94,
    80,
    0.5,
    1,
    18,
    3,
    20
  ],
  [
    176.5,
    89,
    77,
    0.5,
    2,
    18,
    10,
    20
  ],
  [
    179.5,
    82,
    73,
    0.5,
    3,
    15,
    3,
    17
  ],
  [
    182,
    79,
    71,
    0.5,
    3,
    12,
    0,
    14
  ],
  [
    182.5,
    82,
    73,
    0.5,
    3,
    15,
    3,
    17
  ],
  [
    183,
    79,
    71,
    1,
    3,
    12,
    0,
    14
  ],
  [
    189,
    72,
    67,
    1,
    3,
    5,
    5,
    7
  ],
  [
    190,
    70,
    66,
    1,
    3,
    3,
    3,
    5
  ],
  [
    191,
    67,
    64,
    1,
    4,
    5,
    0,
    7
  ],
  [
    192,
    60,
    60,
    1,
    5,
    3,
    5,
    5
  ],
  [
    193,
    58,
    59,
    1,
    5,
    1,
    3,
    3
  ],
  [
    194,
    55,
    57,
    3,
    6,
    3,
    0,
    5
  ],
  [
    198.5,
    60,
    60,
    0.25,
    5,
    3,
    5,
    5
  ],
  [
    198.75,
    62,
    61,
    0.25,
    5,
    5,
    7,
    7
  ],
  [
    199,
    70,
    66,
    0.5,
    3,
    3,
    3,
    5
  ],
  [
    199.5,
    65,
    63,
    0.5,
    4,
    3,
    10,
    5
  ],
  [
    200,
    67,
    64,
    3,
    4,
    5,
    0,
    7
  ],
  [
    204.5,
    74,
    68,
    0.5,
    3,
    7,
    7,
    9
  ],
  [
    205,
    82,
    73,
    0.5,
    1,
    6,
    3,
    8
  ],
  [
    205.5,
    76,
    69,
    0.5,
    3,
    9,
    9,
    11
  ],
  [
    206,
    79,
    71,
    3,
    2,
    8,
    0,
    10
  ],
  [
    210.5,
    81,
    72,
    0.5,
    2,
    10,
    2,
    12
  ],
  [
    211,
    79,
    71,
    0.5,
    2,
    8,
    0,
    10
  ],
  [
    211.5,
    76,
    69,
    0.5,
    3,
    9,
    9,
    11
  ],
  [
    212,
    79,
    71,
    2,
    2,
    8,
    0,
    10
  ],
  [
    215,
    82,
    73,
    1,
    2,
    11,
    3,
    13
  ],
  [
    216,
    84,
    74,
    2,
    2,
    13,
    5,
    15
  ],
  [
    218,
    84,
    74,
    4,
    2,
    13,
    5,
    15
  ],
  [
    223.5,
    84,
    74,
    0.5,
    2,
    13,
    5,
    15
  ],
  [
    228,
    84,
    74,
    2,
    2,
    13,
    5,
    15
  ],
  [
    230,
    78,
    71,
    4,
    3,
    11,
    11,
    13
  ],
  [
    234,
    78,
    71,
    0.33333,
    3,
    11,
    11,
    13
  ],
  [
    234.33333,
    79,
    71,
    0.33333,
    3,
    12,
    0,
    14
  ],
  [
    234.66667,
    78,
    71,
    0.33333,
    3,
    11,
    11,
    13
  ],
  [
    235,
    76,
    69,
    0.5,
    3,
    9,
    9,
    11
  ],
  [
    235.5,
    78,
    71,
    0.5,
    3,
    11,
    11,
    13
  ],
  [
    239,
    67,
    64,
    0.5,
    3,
    0,
    0,
    2
  ],
  [
    241,
    89,
    77,
    0.5,
    2,
    18,
    10,
    20
  ],
  [
    241,
    91,
    78,
    0.5,
    1,
    15,
    0,
    17
  ],
  [
    241.5,
    91,
    78,
    0.5,
    1,
    15,
    0,
    17
  ],
  [
    242,
    89,
    77,
    2,
    2,
    18,
    10,
    20
  ],
  [
    242,
    91,
    78,
    2,
    1,
    15,
    0,
    17
  ],
  [
    244,
    86,
    75,
    0.5,
    2,
    15,
    7,
    17
  ],
  [
    246,
    89,
    77,
    1,
    2,
    18,
    10,
    20
  ],
  [
    246,
    91,
    78,
    1,
    1,
    15,
    0,
    17
  ],
  [
    247,
    91,
    78,
    1,
    1,
    15,
    0,
    17
  ],
  [
    248,
    93,
    79,
    2,
    1,
    17,
    2,
    19
  ],
  [
    250,
    93,
    79,
    1,
    1,
    17,
    2,
    19
  ],
  [
    251,
    89,
    77,
    2,
    2,
    18,
    10,
    20
  ],
  [
    253,
    89,
    77,
    0.33333,
    2,
    18,
    10,
    20
  ],
  [
    253.66667,
    86,
    75,
    0.33333,
    2,
    15,
    7,
    17
  ],
  [
    254,
    89,
    77,
    0.5,
    2,
    18,
    10,
    20
  ],
  [
    254.5,
    84,
    74,
    0.5,
    3,
    17,
    5,
    19
  ],
  [
    259,
    84,
    74,
    0.33333,
    3,
    17,
    5,
    19
  ],
  [
    259.66667,
    82,
    73,
    0.33333,
    3,
    15,
    3,
    17
  ],
  [
    260,
    79,
    71,
    2,
    4,
    17,
    0,
    19
  ],
  [
    263.5,
    67,
    64,
    0.5,
    4,
    5,
    0,
    7
  ],
  [
    264,
    70,
    66,
    1,
    3,
    3,
    3,
    5
  ],
  [
    265,
    72,
    67,
    1,
    3,
    5,
    5,
    7
  ],
  [
    266,
    72,
    67,
    3,
    3,
    5,
    5,
    7
  ],
  [
    270,
    72,
    67,
    1,
    3,
    5,
    5,
    7
  ],
  [
    271,
    70,
    66,
    0.5,
    3,
    3,
    3,
    5
  ],
  [
    271.5,
    72,
    67,
    0.5,
    3,
    5,
    5,
    7
  ],
  [
    272,
    72,
    67,
    3,
    3,
    5,
    5,
    7
  ],
  [
    275,
    72,
    67,
    1,
    3,
    5,
    5,
    7
  ],
  [
    276,
    74,
    68,
    1,
    2,
    3,
    7,
    5
  ],
  [
    277,
    79,
    71,
    1,
    1,
    3,
    0,
    5
  ],
  [
    278,
    72,
    67,
    4,
    3,
    5,
    5,
    7
  ],
  [
    282.5,
    72,
    67,
    0.5,
    3,
    5,
    5,
    7
  ],
  [
    283,
    70,
    66,
    0.5,
    3,
    3,
    3,
    5
  ],
  [
    283.5,
    72,
    67,
    0.5,
    3,
    5,
    5,
    7
  ],
  [
    284,
    74,
    68,
    6,
    2,
    3,
    7,
    5
  ],
  [
    294.5,
    86,
    75,
    0.5,
    2,
    15,
    7,
    17
  ],
  [
    295,
    91,
    78,
    0.5,
    1,
    15,
    0,
    17
  ],
  [
    296,
    89,
    77,
    1.5,
    2,
    18,
    10,
    20
  ],
  [
    297.5,
    91,
    78,
    0.5,
    1,
    15,
    0,
    17
  ],
  [
    298.5,
    94,
    80,
    0.25,
    1,
    18,
    3,
    20
  ],
  [
    298.75,
    91,
    78,
    0.25,
    1,
    15,
    0,
    17
  ],
  [
    299.25,
    89,
    77,
    0.75,
    2,
    18,
    10,
    20
  ],
  [
    303.5,
    74,
    68,
    0.5,
    2,
    3,
    7,
    5
  ],
  [
    304,
    79,
    71,
    0.5,
    1,
    3,
    0,
    5
  ],
  [
    304.5,
    77,
    70,
    0.5,
    2,
    6,
    10,
    8
  ],
  [
    305,
    72,
    67,
    1.5,
    3,
    5,
    5,
    7
  ],
  [
    306.5,
    72,
    67,
    0.5,
    3,
    5,
    5,
    7
  ],
  [
    306.5,
    77,
    70,
    0.5,
    2,
    6,
    10,
    8
  ],
  [
    307,
    72,
    67,
    0.5,
    3,
    5,
    5,
    7
  ],
  [
    307.5,
    70,
    66,
    0.5,
    3,
    3,
    3,
    5
  ],
  [
    308,
    72,
    67,
    0.5,
    3,
    5,
    5,
    7
  ],
  [
    308.5,
    70,
    66,
    0.5,
    3,
    3,
    3,
    5
  ],
  [
    309,
    67,
    64,
    2,
    4,
    5,
    0,
    7
  ],
  [
    314.5,
    82,
    73,
    0.5,
    3,
    15,
    3,
    17
  ],
  [
    319,
    79,
    71,
    0.5,
    3,
    12,
    0,
    14
  ],
  [
    319.5,
    82,
    73,
    0.5,
    3,
    15,
    3,
    17
  ],
  [
    320,
    79,
    71,
    1.5,
    3,
    12,
    0,
    14
  ],
  [
    321.5,
    82,
    73,
    0.5,
    3,
    15,
    3,
    17
  ],
  [
    325,
    89,
    77,
    0.5,
    2,
    18,
    10,
    20
  ],
  [
    325.5,
    94,
    80,
    0.5,
    1,
    18,
    3,
    20
  ],
  [
    326,
    89,
    77,
    2,
    2,
    18,
    10,
    20
  ],
  [
    328,
    71,
    66,
    1,
    2,
    0,
    4,
    2
  ],
  [
    336.5,
    74,
    68,
    0.5,
    4,
    12,
    7,
    14
  ],
  [
    337,
    82,
    73,
    0.5,
    2,
    11,
    3,
    13
  ],
  [
    337.5,
    81,
    72,
    0.5,
    2,
    10,
    2,
    12
  ],
  [
    338,
    79,
    71,
    1,
    3,
    12,
    0,
    14
  ],
  [
    341,
    82,
    73,
    3,
    3,
    15,
    3,
    17
  ],
  [
    345,
    77,
    70,
    0.25,
    4,
    15,
    10,
    17
  ],
  [
    345.25,
    79,
    71,
    0.25,
    4,
    17,
    0,
    19
  ],
  [
    345.5,
    82,
    73,
    0.25,
    3,
    15,
    3,
    17
  ],
  [
    346,
    84,
    74,
    0.33333,
    3,
    17,
    5,
    19
  ],
  [
    346.66667,
    82,
    73,
    0.33333,
    3,
    15,
    3,
    17
  ],
  [
    347,
    84,
    74,
    2,
    3,
    17,
    5,
    19
  ],
  [
    349,
    84,
    74,
    0.5,
    3,
    17,
    5,
    19
  ],
  [
    349.5,
    82,
    73,
    0.5,
    3,
    15,
    3,
    17
  ],
  [
    350,
    84,
    74,
    0.66667,
    3,
    17,
    5,
    19
  ],
  [
    350.66667,
    84,
    74,
    0.66667,
    3,
    17,
    5,
    19
  ],
  [
    351.33333,
    84,
    74,
    0.33333,
    3,
    17,
    5,
    19
  ],
  [
    351.66667,
    82,
    73,
    0.33333,
    3,
    15,
    3,
    17
  ],
  [
    352,
    84,
    74,
    2,
    3,
    17,
    5,
    19
  ],
  [
    357,
    79,
    71,
    0.5,
    1,
    3,
    0,
    5
  ],
  [
    357.5,
    77,
    70,
    0.5,
    2,
    6,
    10,
    8
  ],
  [
    358,
    72,
    67,
    1,
    3,
    5,
    5,
    7
  ],
  [
    359,
    70,
    66,
    0.5,
    3,
    3,
    3,
    5
  ],
  [
    359.5,
    72,
    67,
    0.5,
    3,
    5,
    5,
    7
  ],
  [
    361,
    70,
    66,
    0.5,
    3,
    3,
    3,
    5
  ],
  [
    361.5,
    67,
    64,
    0.5,
    4,
    5,
    0,
    7
  ],
  [
    362,
    70,
    66,
    2,
    3,
    3,
    3,
    5
  ],
  [
    365,
    72,
    67,
    0.5,
    3,
    5,
    5,
    7
  ],
  [
    365.5,
    67,
    64,
    0.5,
    4,
    5,
    0,
    7
  ],
  [
    366,
    70,
    66,
    0.5,
    3,
    3,
    3,
    5
  ],
  [
    366.5,
    69,
    65,
    0.5,
    3,
    2,
    2,
    4
  ],
  [
    367,
    65,
    63,
    0.5,
    4,
    3,
    10,
    5
  ],
  [
    367.5,
    60,
    60,
    0.5,
    5,
    3,
    5,
    5
  ],
  [
    368,
    62,
    61,
    3,
    5,
    5,
    7,
    7
  ],
  [
    372.5,
    62,
    61,
    0.5,
    5,
    5,
    7,
    7
  ],
  [
    373,
    70,
    66,
    0.5,
    3,
    3,
    3,
    5
  ],
  [
    373.5,
    65,
    63,
    0.5,
    4,
    3,
    10,
    5
  ],
  [
    374,
    67,
    64,
    3,
    4,
    5,
    0,
    7
  ],
  [
    379,
    82,
    73,
    1,
    3,
    15,
    3,
    17
  ],
  [
    385,
    89,
    77,
    0.5,
    2,
    18,
    10,
    20
  ],
  [
    385.5,
    91,
    78,
    0.5,
    1,
    15,
    0,
    17
  ],
  [
    386,
    89,
    77,
    1.5,
    2,
    18,
    10,
    20
  ],
  [
    387.5,
    67,
    64,
    0.5,
    3,
    0,
    0,
    2
  ],
  [
    390,
    89,
    77,
    0.5,
    2,
    18,
    10,
    20
  ],
  [
    390.5,
    91,
    78,
    0.5,
    1,
    15,
    0,
    17
  ],
  [
    391,
    94,
    80,
    0.5,
    1,
    18,
    3,
    20
  ],
  [
    391.5,
    91,
    78,
    0.5,
    1,
    15,
    0,
    17
  ],
  [
    392,
    94,
    80,
    1.5,
    1,
    18,
    3,
    20
  ],
  [
    393.5,
    67,
    64,
    0.5,
    3,
    0,
    0,
    2
  ],
  [
    396.5,
    94,
    80,
    0.5,
    1,
    18,
    3,
    20
  ],
  [
    397.66667,
    91,
    78,
    0.33333,
    1,
    15,
    0,
    17
  ],
  [
    398,
    94,
    80,
    0.5,
    1,
    18,
    3,
    20
  ],
  [
    398.5,
    89,
    77,
    0.5,
    2,
    18,
    10,
    20
  ],
  [
    401.5,
    79,
    71,
    0.5,
    3,
    12,
    0,
    14
  ],
  [
    402,
    82,
    73,
    0.5,
    2,
    11,
    3,
    13
  ],
  [
    402.5,
    84,
    74,
    0.5,
    2,
    13,
    5,
    15
  ],
  [
    403,
    86,
    75,
    0.5,
    1,
    10,
    7,
    12
  ],
  [
    404,
    84,
    74,
    2,
    2,
    13,
    5,
    15
  ],
  [
    407,
    84,
    74,
    3,
    2,
    13,
    5,
    15
  ],
  [
    410,
    78,
    71,
    3,
    3,
    11,
    11,
    13
  ],
  [
    413,
    78,
    71,
    0.5,
    3,
    11,
    11,
    13
  ],
  [
    413.5,
    79,
    71,
    0.25,
    3,
    12,
    0,
    14
  ],
  [
    413.75,
    78,
    71,
    0.25,
    3,
    11,
    11,
    13
  ],
  [
    414,
    76,
    69,
    0.5,
    3,
    9,
    9,
    11
  ],
  [
    414.5,
    78,
    71,
    0.5,
    3,
    11,
    11,
    13
  ],
  [
    415,
    79,
    71,
    0.5,
    3,
    12,
    0,
    14
  ],
  [
    415.5,
    78,
    71,
    0.5,
    3,
    11,
    11,
    13
  ],
  [
    416,
    79,
    71,
    2,
    3,
    12,
    0,
    14
  ],
  [
    420.5,
    74,
    68,
    0.5,
    2,
    3,
    7,
    5
  ],
  [
    421,
    79,
    71,
    0.5,
    1,
    3,
    0,
    5
  ],
  [
    421.5,
    77,
    70,
    0.5,
    2,
    6,
    10,
    8
  ],
  [
    422,
    72,
    67,
    4,
    3,
    5,
    5,
    7
  ],
  [
    427,
    72,
    67,
    0.33333,
    3,
    5,
    5,
    7
  ],
  [
    427.66667,
    70,
    66,
    0.33333,
    3,
    3,
    3,
    5
  ],
  [
    428,
    72,
    67,
    0.5,
    3,
    5,
    5,
    7
  ],
  [
    428.5,
    70,
    66,
    0.5,
    3,
    3,
    3,
    5
  ],
  [
    429,
    67,
    64,
    1,
    4,
    5,
    0,
    7
  ],
  [
    430,
    70,
    66,
    1,
    3,
    3,
    3,
    5
  ],
  [
    431,
    67,
    64,
    1,
    4,
    5,
    0,
    7
  ],
  [
    432,
    60,
    60,
    1,
    5,
    3,
    5,
    5
  ],
  [
    433,
    58,
    59,
    1,
    5,
    1,
    3,
    3
  ],
  [
    434,
    62,
    61,
    4,
    5,
    5,
    7,
    7
  ],
  [
    446,
    91,
    78,
    3,
    1,
    15,
    0,
    17
  ]
]