[
  [
    0,
    83,
    73,
    3,
    2,
    12,
    5,
    15
  ],
  [
    0,
    88,
    76,
    3,
    1,
    12,
    10,
    15
  ],
  [
    3,
    71,
    66,
    0.33333,
    2,
    0,
    5,
    3
  ],
  [
    3,
    76,
    69,
    0.33333,
    1,
    0,
    10,
    3
  ],
  [
    3.33333,
    83,
    73,
    0.33333,
    2,
    12,
    5,
    15
  ],
  [
    3.33333,
    88,
    76,
    0.33333,
    1,
    12,
    10,
    15
  ],
  [
    3.66667,
    71,
    66,
    0.33333,
    2,
    0,
    5,
    3
  ],
  [
    3.66667,
    76,
    69,
    0.33333,
    1,
    0,
    10,
    3
  ],
  [
    4,
    66,
    63,
    4,
    4,
    4,
    0,
    7
  ],
  [
    10.5,
    71,
    66,
    0.5,
    3,
    4,
    5,
    7
  ],
  [
    16.5,
    71,
    66,
    1.5,
    3,
    4,
    5,
    7
  ],
  [
    19.75,
    69,
    65,
    0.25,
    3,
    2,
    3,
    5
  ],
  [
    20,
    71,
    66,
    0.5,
    3,
    4,
    5,
    7
  ],
  [
    20.5,
    71,
    66,
    1.5,
    3,
    4,
    5,
    7
  ],
  [
    26,
    66,
    63,
    2,
    4,
    4,
    0,
    7
  ],
  [
    31,
    73,
    67,
    0.5,
    3,
    6,
    7,
    9
  ],
  [
    31.5,
    76,
    69,
    0.5,
    2,
    5,
    10,
    8
  ],
  [
    32,
    76,
    69,
    1,
    2,
    5,
    10,
    8
  ],
  [
    33,
    78,
    70,
    0.25,
    2,
    7,
    0,
    10
  ],
  [
    33.25,
    76,
    69,
    0.25,
    2,
    5,
    10,
    8
  ],
  [
    33.5,
    78,
    70,
    0.16667,
    2,
    7,
    0,
    10
  ],
  [
    33.66667,
    76,
    69,
    0.16667,
    2,
    5,
    10,
    8
  ],
  [
    33.83333,
    78,
    70,
    0.16667,
    2,
    7,
    0,
    10
  ],
  [
    34,
    81,
    72,
    1,
    1,
    5,
    3,
    8
  ],
  [
    35,
    78,
    70,
    1,
    2,
    7,
    0,
    10
  ],
  [
    36,
    66,
    63,
    3,
    4,
    4,
    0,
    7
  ],
  [
    36,
    67,
    64,
    3,
    3,
    0,
    1,
    3
  ],
  [
    39,
    66,
    63,
    0.5,
    4,
    4,
    0,
    7
  ],
  [
    39,
    71,
    66,
    0.5,
    3,
    4,
    5,
    7
  ],
  [
    39.5,
    71,
    66,
    0.5,
    3,
    4,
    5,
    7
  ],
  [
    43.66667,
    69,
    65,
    0.33333,
    3,
    2,
    3,
    5
  ],
  [
    44,
    71,
    66,
    1,
    3,
    4,
    5,
    7
  ],
  [
    47,
    76,
    69,
    0.5,
    3,
    9,
    10,
    12
  ],
  [
    47.5,
    85,
    74,
    0.5,
    1,
    9,
    7,
    12
  ],
  [
    49.5,
    85,
    74,
    0.5,
    1,
    9,
    7,
    12
  ],
  [
    52,
    81,
    72,
    3,
    2,
    10,
    3,
    13
  ],
  [
    55,
    81,
    72,
    0.5,
    2,
    10,
    3,
    13
  ],
  [
    55.5,
    80,
    71,
    0.5,
    2,
    9,
    2,
    12
  ],
  [
    57.5,
    80,
    71,
    0.5,
    2,
    9,
    2,
    12
  ],
  [
    59,
    76,
    69,
    1,
    3,
    9,
    10,
    12
  ],
  [
    60,
    76,
    69,
    4,
    3,
    9,
    10,
    12
  ],
  [
    67.5,
    76,
    69,
    0.5,
    3,
    9,
    10,
    12
  ],
  [
    68,
    78,
    70,
    0.66667,
    4,
    16,
    0,
    19
  ],
  [
    68.66667,
    81,
    72,
    0.66667,
    3,
    14,
    3,
    17
  ],
  [
    69.33333,
    85,
    74,
    0.66667,
    2,
    14,
    7,
    17
  ],
  [
    70,
    88,
    76,
    2,
    2,
    17,
    10,
    20
  ],
  [
    72,
    88,
    76,
    1,
    2,
    17,
    10,
    20
  ],
  [
    73,
    93,
    79,
    0.5,
    1,
    17,
    3,
    20
  ],
  [
    73.5,
    88,
    76,
    0.5,
    2,
    17,
    10,
    20
  ],
  [
    75.5,
    88,
    76,
    0.5,
    2,
    17,
    10,
    20
  ],
  [
    76,
    88,
    76,
    1,
    2,
    17,
    10,
    20
  ],
  [
    77,
    88,
    76,
    0.5,
    2,
    17,
    10,
    20
  ],
  [
    77.5,
    83,
    73,
    0.5,
    3,
    16,
    5,
    19
  ],
  [
    81,
    83,
    73,
    1.5,
    3,
    16,
    5,
    19
  ],
  [
    82.5,
    83,
    73,
    1,
    3,
    16,
    5,
    19
  ],
  [
    83.5,
    83,
    73,
    0.5,
    3,
    16,
    5,
    19
  ],
  [
    85.75,
    83,
    73,
    0.25,
    3,
    16,
    5,
    19
  ],
  [
    86,
    83,
    73,
    2,
    3,
    16,
    5,
    19
  ],
  [
    88,
    83,
    73,
    0.5,
    3,
    16,
    5,
    19
  ],
  [
    88.5,
    86,
    75,
    1,
    2,
    15,
    8,
    18
  ],
  [
    89.5,
    86,
    75,
    0.5,
    2,
    15,
    8,
    18
  ],
  [
    90,
    85,
    74,
    1,
    2,
    14,
    7,
    17
  ],
  [
    91,
    81,
    72,
    1,
    3,
    14,
    3,
    17
  ],
  [
    92,
    78,
    70,
    3,
    4,
    16,
    0,
    19
  ],
  [
    95,
    85,
    74,
    0.5,
    2,
    14,
    7,
    17
  ],
  [
    95.5,
    93,
    79,
    0.5,
    1,
    17,
    3,
    20
  ],
  [
    98,
    93,
    79,
    2,
    1,
    17,
    3,
    20
  ],
  [
    100,
    88,
    76,
    4,
    2,
    17,
    10,
    20
  ],
  [
    104.5,
    88,
    76,
    0.75,
    2,
    17,
    10,
    20
  ],
  [
    105.25,
    88,
    76,
    0.75,
    2,
    17,
    10,
    20
  ],
  [
    106,
    83,
    73,
    0.25,
    3,
    16,
    5,
    19
  ],
  [
    106.75,
    81,
    72,
    0.25,
    3,
    14,
    3,
    17
  ],
  [
    107,
    83,
    73,
    0.5,
    3,
    16,
    5,
    19
  ],
  [
    107.5,
    81,
    72,
    0.5,
    3,
    14,
    3,
    17
  ],
  [
    108,
    83,
    73,
    4,
    3,
    16,
    5,
    19
  ],
  [
    113,
    76,
    69,
    0.5,
    1,
    0,
    10,
    3
  ],
  [
    113.5,
    95,
    80,
    0.5,
    1,
    19,
    5,
    22
  ],
  [
    115.75,
    95,
    80,
    0.25,
    1,
    19,
    5,
    22
  ],
  [
    117.5,
    95,
    80,
    0.5,
    1,
    19,
    5,
    22
  ],
  [
    118,
    95,
    80,
    2,
    1,
    19,
    5,
    22
  ],
  [
    120.5,
    92,
    78,
    1,
    1,
    16,
    2,
    19
  ],
  [
    121.5,
    88,
    76,
    0.5,
    2,
    17,
    10,
    20
  ],
  [
    122,
    83,
    73,
    1,
    3,
    16,
    5,
    19
  ],
  [
    123,
    88,
    76,
    0.25,
    2,
    17,
    10,
    20
  ],
  [
    123.25,
    90,
    77,
    0.75,
    2,
    19,
    0,
    22
  ],
  [
    124,
    90,
    77,
    3,
    2,
    19,
    0,
    22
  ],
  [
    127,
    88,
    76,
    0.25,
    2,
    17,
    10,
    20
  ],
  [
    127.25,
    90,
    77,
    0.25,
    2,
    19,
    0,
    22
  ],
  [
    127.5,
    88,
    76,
    0.5,
    2,
    17,
    10,
    20
  ],
  [
    128,
    88,
    76,
    0.5,
    2,
    17,
    10,
    20
  ],
  [
    128.5,
    85,
    74,
    1.5,
    2,
    14,
    7,
    17
  ],
  [
    131,
    85,
    74,
    0.5,
    2,
    14,
    7,
    17
  ],
  [
    132,
    66,
    63,
    0.66667,
    4,
    4,
    0,
    7
  ],
  [
    132.66667,
    69,
    65,
    0.66667,
    3,
    2,
    3,
    5
  ],
  [
    133.33333,
    74,
    68,
    0.66667,
    3,
    7,
    8,
    10
  ],
  [
    134,
    78,
    70,
    0.66667,
    2,
    7,
    0,
    10
  ],
  [
    134.66667,
    81,
    72,
    0.66667,
    2,
    10,
    3,
    13
  ],
  [
    135.33333,
    83,
    73,
    0.66667,
    2,
    12,
    5,
    15
  ],
  [
    136,
    81,
    72,
    2,
    2,
    10,
    3,
    13
  ],
  [
    138.5,
    80,
    71,
    1,
    2,
    9,
    2,
    12
  ],
  [
    139.5,
    81,
    72,
    0.5,
    2,
    10,
    3,
    13
  ],
  [
    140,
    80,
    71,
    1,
    2,
    9,
    2,
    12
  ],
  [
    141,
    76,
    69,
    3,
    2,
    5,
    10,
    8
  ],
  [
    146.66667,
    78,
    70,
    0.66667,
    2,
    7,
    0,
    10
  ],
  [
    147.33333,
    80,
    71,
    0.66667,
    2,
    9,
    2,
    12
  ],
  [
    148,
    80,
    71,
    3,
    2,
    9,
    2,
    12
  ],
  [
    151,
    78,
    70,
    0.5,
    2,
    7,
    0,
    10
  ],
  [
    151.5,
    76,
    69,
    0.5,
    2,
    5,
    10,
    8
  ],
  [
    152,
    78,
    70,
    2,
    2,
    7,
    0,
    10
  ],
  [
    154,
    76,
    69,
    0.66667,
    2,
    5,
    10,
    8
  ],
  [
    154.66667,
    73,
    67,
    0.66667,
    2,
    2,
    7,
    5
  ],
  [
    155.33333,
    76,
    69,
    0.66667,
    2,
    5,
    10,
    8
  ],
  [
    156,
    73,
    67,
    3,
    2,
    2,
    7,
    5
  ],
  [
    159,
    71,
    66,
    1,
    3,
    4,
    5,
    7
  ],
  [
    159,
    73,
    67,
    1,
    2,
    2,
    7,
    5
  ],
  [
    164,
    71,
    66,
    4,
    3,
    4,
    5,
    7
  ],
  [
    168,
    71,
    66,
    2,
    3,
    4,
    5,
    7
  ],
  [
    170,
    71,
    66,
    1,
    3,
    4,
    5,
    7
  ],
  [
    171,
    69,
    65,
    1,
    3,
    2,
    3,
    5
  ],
  [
    172,
    71,
    66,
    4,
    3,
    4,
    5,
    7
  ],
  [
    179,
    69,
    65,
    1,
    3,
    2,
    3,
    5
  ],
  [
    179,
    73,
    67,
    1,
    2,
    2,
    7,
    5
  ],
  [
    180,
    71,
    66,
    4,
    3,
    4,
    5,
    7
  ],
  [
    184,
    69,
    65,
    2,
    3,
    2,
    3,
    5
  ],
  [
    186,
    68,
    64,
    0.5,
    4,
    6,
    2,
    9
  ],
  [
    186.5,
    71,
    66,
    0.5,
    3,
    4,
    5,
    7
  ],
  [
    187,
    68,
    64,
    0.25,
    4,
    6,
    2,
    9
  ],
  [
    187.25,
    66,
    63,
    0.75,
    4,
    4,
    0,
    7
  ],
  [
    188,
    64,
    62,
    4,
    4,
    2,
    10,
    5
  ],
  [
    192,
    52,
    55,
    2,
    6,
    0,
    10,
    3
  ],
  [
    194.5,
    71,
    66,
    0.5,
    2,
    0,
    5,
    3
  ],
  [
    194.5,
    76,
    69,
    0.5,
    1,
    0,
    10,
    3
  ],
  [
    195,
    71,
    66,
    0.5,
    2,
    0,
    5,
    3
  ],
  [
    195,
    76,
    69,
    0.5,
    1,
    0,
    10,
    3
  ],
  [
    195.5,
    54,
    56,
    0.5,
    6,
    2,
    0,
    5
  ],
  [
    195.5,
    61,
    60,
    0.5,
    5,
    4,
    7,
    7
  ],
  [
    195.5,
    66,
    63,
    0.5,
    4,
    4,
    0,
    7
  ],
  [
    195.5,
    69,
    65,
    0.5,
    3,
    2,
    3,
    5
  ],
  [
    195.5,
    73,
    67,
    0.5,
    2,
    2,
    7,
    5
  ],
  [
    195.5,
    78,
    70,
    0.5,
    1,
    2,
    0,
    5
  ]
]