[
  [
    0.5,
    69,
    65,
    0.25,
    3,
    2,
    2,
    7
  ],
  [
    0.75,
    71,
    66,
    0.25,
    3,
    4,
    4,
    9
  ],
  [
    1,
    74,
    68,
    1,
    2,
    3,
    7,
    8
  ],
  [
    2,
    76,
    69,
    0.25,
    2,
    5,
    9,
    10
  ],
  [
    2.25,
    71,
    66,
    0.25,
    3,
    4,
    4,
    9
  ],
  [
    2.5,
    74,
    68,
    0.5,
    2,
    3,
    7,
    8
  ],
  [
    3.5,
    71,
    66,
    0.16667,
    3,
    4,
    4,
    9
  ],
  [
    3.66667,
    69,
    65,
    0.16667,
    3,
    2,
    2,
    7
  ],
  [
    3.83333,
    67,
    64,
    0.16667,
    3,
    0,
    0,
    5
  ],
  [
    4,
    62,
    61,
    1.5,
    4,
    0,
    7,
    5
  ],
  [
    5.5,
    59,
    59,
    0.25,
    5,
    2,
    4,
    7
  ],
  [
    5.75,
    62,
    61,
    0.25,
    4,
    0,
    7,
    5
  ],
  [
    6,
    62,
    61,
    1,
    4,
    0,
    7,
    5
  ],
  [
    8.5,
    76,
    69,
    0.5,
    2,
    5,
    9,
    10
  ],
  [
    8.5,
    81,
    72,
    0.5,
    1,
    5,
    2,
    10
  ],
  [
    9,
    74,
    68,
    0.5,
    2,
    3,
    7,
    8
  ],
  [
    9,
    79,
    71,
    0.5,
    1,
    3,
    0,
    8
  ],
  [
    9.5,
    71,
    66,
    0.5,
    3,
    4,
    4,
    9
  ],
  [
    9.5,
    76,
    69,
    0.5,
    2,
    5,
    9,
    10
  ],
  [
    10,
    69,
    65,
    0.5,
    3,
    2,
    2,
    7
  ],
  [
    10,
    74,
    68,
    0.5,
    2,
    3,
    7,
    8
  ],
  [
    10.5,
    67,
    64,
    0.5,
    3,
    0,
    0,
    5
  ],
  [
    10.5,
    71,
    66,
    0.5,
    2,
    0,
    4,
    5
  ],
  [
    11,
    71,
    66,
    0.5,
    3,
    4,
    4,
    9
  ],
  [
    11,
    76,
    69,
    0.5,
    2,
    5,
    9,
    10
  ],
  [
    11.5,
    69,
    65,
    0.25,
    3,
    2,
    2,
    7
  ],
  [
    11.5,
    74,
    68,
    0.25,
    2,
    3,
    7,
    8
  ],
  [
    11.75,
    67,
    64,
    0.25,
    3,
    0,
    0,
    5
  ],
  [
    11.75,
    71,
    66,
    0.25,
    2,
    0,
    4,
    5
  ],
  [
    12,
    67,
    64,
    3,
    4,
    5,
    0,
    10
  ],
  [
    12,
    71,
    66,
    3,
    3,
    4,
    4,
    9
  ],
  [
    15,
    67,
    64,
    0.5,
    4,
    5,
    0,
    10
  ],
  [
    15,
    71,
    66,
    0.5,
    3,
    4,
    4,
    9
  ],
  [
    16.5,
    69,
    65,
    0.25,
    3,
    2,
    2,
    7
  ],
  [
    16.75,
    71,
    66,
    0.25,
    3,
    4,
    4,
    9
  ],
  [
    17,
    74,
    68,
    0.25,
    2,
    3,
    7,
    8
  ],
  [
    17.25,
    71,
    66,
    0.25,
    3,
    4,
    4,
    9
  ],
  [
    17.5,
    76,
    69,
    0.5,
    2,
    5,
    9,
    10
  ],
  [
    18.75,
    76,
    69,
    0.25,
    2,
    5,
    9,
    10
  ],
  [
    19,
    74,
    68,
    0.25,
    2,
    3,
    7,
    8
  ],
  [
    19.25,
    71,
    66,
    0.25,
    3,
    4,
    4,
    9
  ],
  [
    19.5,
    74,
    68,
    0.5,
    2,
    3,
    7,
    8
  ],
  [
    20,
    69,
    65,
    1,
    3,
    2,
    2,
    7
  ],
  [
    21,
    71,
    66,
    0.5,
    3,
    4,
    4,
    9
  ],
  [
    21.5,
    74,
    68,
    0.25,
    2,
    3,
    7,
    8
  ],
  [
    21.75,
    76,
    69,
    0.25,
    2,
    5,
    9,
    10
  ],
  [
    22,
    71,
    66,
    0.5,
    3,
    4,
    4,
    9
  ],
  [
    22.5,
    69,
    65,
    1.5,
    3,
    2,
    2,
    7
  ],
  [
    24.5,
    69,
    65,
    0.25,
    3,
    2,
    2,
    7
  ],
  [
    24.75,
    71,
    66,
    0.25,
    3,
    4,
    4,
    9
  ],
  [
    25,
    74,
    68,
    0.25,
    2,
    3,
    7,
    8
  ],
  [
    25.25,
    71,
    66,
    0.25,
    3,
    4,
    4,
    9
  ],
  [
    25.5,
    76,
    69,
    0.5,
    2,
    5,
    9,
    10
  ],
  [
    26.5,
    76,
    69,
    0.5,
    2,
    5,
    9,
    10
  ],
  [
    27,
    76,
    69,
    0.25,
    2,
    5,
    9,
    10
  ],
  [
    27.25,
    74,
    68,
    0.25,
    2,
    3,
    7,
    8
  ],
  [
    27.5,
    76,
    69,
    0.5,
    2,
    5,
    9,
    10
  ],
  [
    28,
    69,
    65,
    1.5,
    3,
    2,
    2,
    7
  ],
  [
    29.5,
    71,
    66,
    0.5,
    3,
    4,
    4,
    9
  ],
  [
    30,
    69,
    65,
    1.5,
    3,
    2,
    2,
    7
  ],
  [
    31.5,
    62,
    61,
    0.25,
    4,
    0,
    7,
    5
  ],
  [
    31.5,
    67,
    64,
    0.25,
    3,
    0,
    0,
    5
  ],
  [
    31.5,
    74,
    68,
    0.25,
    2,
    3,
    7,
    8
  ],
  [
    31.75,
    62,
    61,
    0.25,
    4,
    0,
    7,
    5
  ],
  [
    31.75,
    67,
    64,
    0.25,
    3,
    0,
    0,
    5
  ],
  [
    31.75,
    74,
    68,
    0.25,
    2,
    3,
    7,
    8
  ],
  [
    31.75,
    79,
    71,
    0.25,
    1,
    3,
    0,
    8
  ],
  [
    32,
    55,
    57,
    1,
    6,
    3,
    0,
    8
  ],
  [
    32,
    59,
    59,
    1,
    5,
    2,
    4,
    7
  ],
  [
    32,
    62,
    61,
    1,
    4,
    0,
    7,
    5
  ],
  [
    32,
    67,
    64,
    1,
    3,
    0,
    0,
    5
  ],
  [
    32,
    74,
    68,
    1,
    2,
    3,
    7,
    8
  ],
  [
    32,
    79,
    71,
    1,
    1,
    3,
    0,
    8
  ],
  [
    33,
    55,
    57,
    0.25,
    6,
    3,
    0,
    8
  ],
  [
    33,
    59,
    59,
    0.25,
    5,
    2,
    4,
    7
  ],
  [
    33,
    62,
    61,
    0.25,
    4,
    0,
    7,
    5
  ],
  [
    33,
    67,
    64,
    0.25,
    3,
    0,
    0,
    5
  ],
  [
    33,
    74,
    68,
    0.25,
    2,
    3,
    7,
    8
  ],
  [
    33.25,
    62,
    61,
    0.75,
    4,
    0,
    7,
    5
  ],
  [
    33.25,
    67,
    64,
    0.75,
    3,
    0,
    0,
    5
  ],
  [
    33.25,
    74,
    68,
    0.75,
    2,
    3,
    7,
    8
  ],
  [
    33.25,
    79,
    71,
    0.75,
    1,
    3,
    0,
    8
  ],
  [
    34,
    55,
    57,
    1,
    6,
    3,
    0,
    8
  ],
  [
    34,
    59,
    59,
    1,
    5,
    2,
    4,
    7
  ],
  [
    34,
    62,
    61,
    1,
    4,
    0,
    7,
    5
  ],
  [
    34,
    67,
    64,
    1,
    3,
    0,
    0,
    5
  ],
  [
    34,
    74,
    68,
    1,
    2,
    3,
    7,
    8
  ],
  [
    34,
    79,
    71,
    1,
    1,
    3,
    0,
    8
  ],
  [
    35,
    62,
    61,
    0.25,
    4,
    0,
    7,
    5
  ],
  [
    35,
    67,
    64,
    0.25,
    3,
    0,
    0,
    5
  ],
  [
    35,
    74,
    68,
    0.25,
    2,
    3,
    7,
    8
  ],
  [
    35.25,
    62,
    61,
    0.25,
    4,
    0,
    7,
    5
  ],
  [
    35.25,
    67,
    64,
    0.25,
    3,
    0,
    0,
    5
  ],
  [
    35.25,
    74,
    68,
    0.25,
    2,
    3,
    7,
    8
  ],
  [
    35.25,
    79,
    71,
    0.25,
    1,
    3,
    0,
    8
  ],
  [
    35.5,
    62,
    61,
    0.5,
    4,
    0,
    7,
    5
  ],
  [
    35.5,
    67,
    64,
    0.5,
    3,
    0,
    0,
    5
  ],
  [
    35.5,
    74,
    68,
    0.5,
    2,
    3,
    7,
    8
  ]
]